-3.288647226145691160e-01
-3.485224151476858379e-01
-1.812559818055196614e-01
-5.218023531455918684e-01
4.282944962480178530e-01
5.111340458180416713e-01
-3.915488328638894178e-02
-4.559241970183924852e-02
-4.972141312134527591e-01
-2.866531904899374261e-01
1.519249026087341470e-01
-3.418742815520026679e-01
2.762679744074351129e-01
-1.316326934309357544e-01
2.883552544560906705e-01
-2.961993705658194642e-03
-1.236209658530315614e-01
-6.310409987282272759e-03
4.651232572249164310e-01
-3.908761300114769743e-01
2.030560433941694942e-01
1.048326441014904020e-01
-3.143183622044048997e-02
-4.528003668767778267e-01
-1.454110142746584122e-01
-4.273519720596900551e-01
-3.643677163729173718e-01
8.036585831618281439e-02
2.197439771946432252e-01
2.103043779770593646e-01
3.765355412182463946e-01
-1.976412168537331482e-01
9.385213117230972735e-02
-2.118317012545034572e-01
2.964436625511629453e-01
1.334779173854226952e-01
3.865227452668504871e-01
-1.063787499844460749e-01
-4.479383376661291161e-01
1.396559871937658182e-01
-3.235278929482277022e-02
5.672642729805177364e-02
3.057615338442892794e-01
-5.000396316312761824e-01
5.160491403447361458e-01
2.051816574391354120e-01
-3.953008459532463270e-01
1.726623090800689653e-01
3.352317661220955980e-01
1.838305194883118610e-01
2.419424648003629663e-01
2.709923647913281552e-02
4.932172069006691695e-01
1.889098191569564822e-01
-1.317200707819377037e-02
4.543513294376168021e-01
2.405272934112396843e-01
1.937304674574963359e-01
3.337668953888653922e-01
3.237393646332412667e-01
-1.772680898559665930e-01
-4.416693209818556287e-01
-2.154220644832943732e-01
-4.713009915988027321e-01
6.668661208585469069e-02
4.111963907505087334e-01
2.873017484148941980e-01
7.003702999873628876e-03
-4.278552242282222529e-01
4.112848804913856737e-01
1.563893709180272928e-01
4.252055631419487947e-01
3.541485046808467985e-02
-4.334262923596208239e-01
-4.821091749114913005e-01
-3.473833699612927095e-02
2.656807086133586848e-01
-5.219633014163582718e-01
5.112356817452760049e-01
2.458372515927409463e-02
7.587210507091068923e-02
-1.683749433721934974e-01
2.483828802869257890e-01
-1.416062727396342202e-01
3.211560642011668243e-03
-2.006294355764354220e-01
1.653608652862288420e-01
-3.425235325330254210e-01
1.722968218200801038e-01
3.195831653548508733e-02
4.048726504501333201e-01
-1.257092831251904741e-02
-3.569448315603113153e-01
-3.754500423369463435e-01
4.832670755854665545e-01
-7.096388359574817839e-02
0.000000000000000000e+00
0.000000000000000000e+00
0.000000000000000000e+00
0.000000000000000000e+00
0.000000000000000000e+00
0.000000000000000000e+00
0.000000000000000000e+00
0.000000000000000000e+00
0.000000000000000000e+00
0.000000000000000000e+00
0.000000000000000000e+00
0.000000000000000000e+00
0.000000000000000000e+00
0.000000000000000000e+00
0.000000000000000000e+00
0.000000000000000000e+00
-4.778520032501626380e-01
-4.612859120968012538e-01
5.427714625409786331e-01
-4.500144754325753338e-01
-3.665044894620278493e-01
-9.862979059498022671e-02
-3.246039130065071499e-01
-1.387771620690547159e-01
-1.572486348846300341e-01
9.965622997139422790e-02
-1.256172264757263735e-01
4.673332389984868884e-01
-4.794390388690170646e-01
4.952109842353557001e-01
3.233095327288556531e-01
4.655955727871320393e-01
5.427174033291123356e-01
2.911511606037863187e-01
3.327251963957925662e-01
-6.003031605686992567e-02
-1.193511328193769816e-01
8.306472624165861518e-02
-8.206598678293847149e-02
2.080903965540449319e-01
-3.534669048338804354e-01
4.697848402907530696e-01
5.576221459131945890e-01
-5.397394193106781479e-01
-3.347192895068684115e-01
1.958766912514273706e-01
-3.487167599540368368e-01
3.649664915640387086e-01
2.910911262773073771e-01
3.088302406494563002e-01
3.955335766768038885e-01
-1.416424957261361306e-01
-4.016002025473991432e-01
4.552369014916534118e-01
5.491390252230178293e-01
-4.241062260913570636e-01
4.703606477230436456e-01
2.832270428228473858e-01
2.197516704058050108e-01
-8.839063233270733067e-02
4.353808147202564705e-01
5.006212177164947041e-01
-2.791238468142713258e-01
-2.860597029416412918e-01
0.000000000000000000e+00
0.000000000000000000e+00
0.000000000000000000e+00
