1.928725722361563921e-01
4.470560826085481221e-01
2.907035424495610920e-01
-4.963140901297835028e-01
5.036225397937792447e-01
-1.601563779139966170e-01
-4.163822064286573643e-01
-1.383634129029248649e-01
-5.940563522483167658e-01
-5.057622449344683080e-01
-3.133108683181439758e-01
-1.141764026945767396e-01
3.706029093764560134e-01
-5.045282395851741208e-01
-2.235652729259202109e-01
2.537306357811917046e-01
-2.322202671397340379e-01
-5.667105905547222822e-01
4.816930516898094705e-01
4.616340705345749473e-01
-2.593226585675695861e-01
3.588875629632781727e-01
3.761986207353329448e-02
-5.904988237851863664e-01
-3.717868077063165022e-01
5.668571631305556746e-01
5.505829517067304391e-01
-2.660224029271409107e-01
5.161655665913704727e-01
-2.484272040193133413e-01
-4.216097519576397779e-01
-5.519346919096773663e-01
0.000000000000000000e+00
0.000000000000000000e+00
0.000000000000000000e+00
0.000000000000000000e+00
0.000000000000000000e+00
0.000000000000000000e+00
0.000000000000000000e+00
0.000000000000000000e+00
-5.535623599085542912e-01
1.328207162049662715e-01
2.330374094846284772e-01
-5.090638390856327966e-01
4.757525759410125010e-01
7.697856537063639815e-01
6.747289888565849436e-01
-1.968884474470573576e-01
6.134609283037734118e-01
4.717124294434892340e-01
3.428241111488729009e-01
1.208832058089870376e-01
-4.073355996578381655e-01
2.602043879807439675e-01
-4.973209469444163089e-01
-6.665127379048494394e-01
0.000000000000000000e+00
0.000000000000000000e+00
