2.773090952415489530e-01
3.534262042607729248e-01
3.461742430175621110e-01
1.479407921787194158e-01
-2.296312997083068130e-01
-3.078967757378658909e-02
-2.920591047833082099e-01
-3.048999183486246212e-01
5.339009234672653648e-02
-2.057058632619506444e-01
2.595192504288195701e-01
-1.893405473439871978e-01
8.572845503951015411e-02
2.477917512480969919e-01
-3.008899616187439285e-01
-1.621966180032093918e-01
9.179335131889804211e-02
7.969673189760773102e-03
2.644122608206733727e-03
-4.294519351465042600e-02
6.371394115054823670e-02
2.475258944318689536e-01
3.292301840948390068e-01
2.309226621187127071e-02
3.718765351862450275e-01
7.957744413334821854e-02
-1.485403849481066740e-01
-1.872380662874466029e-01
-1.996032924933225927e-01
1.302454959752265551e-01
1.299231676527974888e-01
2.991956308971785439e-01
-3.226070074918753749e-01
-2.923625118113053478e-01
-2.245247100591133971e-01
-2.348442933138601696e-01
-1.818788156751512120e-01
-6.333260353018216327e-02
-2.853168899212024656e-01
-2.503253347566695153e-01
-5.379590071705053766e-02
1.243462881339672532e-01
1.257294527733183731e-01
-2.910187406635945662e-01
3.284291592470247045e-01
2.376463640180810910e-01
2.631762770359730719e-01
1.697938520261206841e-01
-1.075866732737801867e-01
7.683914510556499877e-03
-2.435641499269022847e-01
1.180301894817215036e-02
3.137215647931192453e-01
1.913194821666885370e-01
2.909245866867689601e-01
-6.588902933465540235e-02
3.617326369861684765e-01
-1.274693755029383535e-01
-3.665982150753893665e-01
-3.274242092786880387e-01
7.882798630805054607e-02
2.334343612468203766e-03
2.754942200897391724e-01
-1.105521323884620655e-01
-1.287268588720330564e-01
1.858262060163958229e-01
-3.388651332239663305e-01
-1.039383693457957003e-02
-3.687419243319303153e-01
-9.343076802231475853e-02
-2.427452707636880980e-01
-8.021059593439805457e-02
2.070366973966401569e-01
1.879085400836204012e-01
2.151755350252600452e-01
-6.393732692392162242e-02
3.186534355267893193e-01
-2.598037297474607987e-01
-1.785380930647558206e-01
1.718814853573069068e-01
2.769510551362063810e-01
2.084352314979066034e-01
-3.449767100398490327e-01
3.248964744624489032e-01
3.124622937829579228e-01
-2.901758737403526967e-01
-1.625702215667105544e-01
-3.366843590138243192e-01
-1.924636897353060594e-01
2.710214184238406987e-01
6.052785473424254770e-02
1.379216646397757318e-02
-2.291476673708622291e-01
1.118589520782121149e-01
-2.463792958238787412e-01
6.890965281754246607e-02
-2.901037502317371231e-01
2.356219575166039193e-01
-1.841721985717479915e-01
3.425649873650243316e-01
3.311768161232215291e-01
1.959995890440196509e-01
3.221543683594700336e-01
-1.308743163043835644e-01
1.203288126814128223e-02
1.074083931127827740e-01
-2.420792826591457170e-01
1.308021000861199767e-01
-3.271597292078500807e-01
1.794671804815281546e-01
3.206306911654339120e-01
2.151351801920327600e-01
-3.091502074541856437e-01
-2.261458988032620798e-01
-4.620036799487553525e-02
-2.632083162263130216e-01
8.403890649172940375e-02
-2.115942135380249056e-01
-2.861022007209229612e-01
-5.014095366517462571e-02
2.938641980352178495e-01
-2.325572037150444027e-01
2.394217188870861324e-01
3.392776448550471335e-01
-2.455055195324343520e-01
-2.303159418748299825e-01
1.214315340230752716e-01
1.133722058398806132e-02
-3.254061437298487736e-01
1.843207993227375385e-01
3.702948391686572416e-02
2.403479193388116664e-01
3.007801831224000133e-01
5.610521182125582929e-02
2.375178380012268886e-01
2.084469195861505253e-01
8.694197046528673312e-02
1.952316009474704406e-01
1.351538857588948095e-01
-2.903167277950646774e-01
1.261207501338772463e-01
3.100918443800551594e-01
2.752454974900361839e-01
-2.431489461043630507e-01
1.870940658468957518e-01
-1.683105612358093695e-01
1.142474685521811528e-01
-3.655822748969325686e-01
-1.307975804853607760e-01
2.198277659655425986e-01
-1.695312233575525795e-01
-3.478405652780747759e-01
-1.243677692931833834e-01
-2.455658491572164648e-01
3.261336111151609818e-01
2.478338292913334628e-02
2.744077634491433604e-01
-2.165663141683250026e-01
3.401551751731865525e-01
-9.456726311340452051e-02
7.100179191539940371e-02
-3.319617628075945404e-01
-7.720072383969195373e-02
2.815944180738901292e-01
9.360133704666018239e-02
1.555827586798698703e-01
-2.559657612891730327e-01
1.311595099557297250e-01
3.432976178801410705e-01
-6.287866431504629539e-02
-2.319965035441720336e-01
1.253411458300846548e-01
3.308489885242194561e-01
1.307832327307065223e-01
2.683714291955419662e-01
-3.010797016989256170e-01
3.062940337875416641e-01
3.470220993626071393e-01
3.591654536471508563e-01
1.486462375691604554e-01
2.350262102062533054e-01
-1.886455268046076938e-01
1.176962186503138219e-01
4.185486620749545583e-02
-7.907138426823451249e-02
1.583752184939259400e-01
-1.550551769864490503e-01
-1.368194085047832187e-01
-3.043433185540633246e-01
-9.172215170116793104e-03
-2.610893260813988426e-01
6.885978475809018118e-03
2.372215127113520006e-01
6.966627648914908155e-02
-1.164343000562806374e-01
2.714080604825073739e-01
3.549076675848280016e-01
-8.481729913079477656e-02
-8.061955738450682363e-02
4.127440519300851207e-02
-3.598791879742774258e-02
-1.953568496829172219e-01
-2.300086691018336793e-01
3.479985871355531502e-01
5.654641993305731251e-02
3.503957499859263192e-01
7.376829391089562149e-02
2.674723055207147149e-01
-2.063414525755524476e-01
5.674817645130364463e-02
1.083037533006538933e-01
9.537585138913717842e-02
-5.080098135799021586e-02
-3.479433879799058160e-01
-3.385781632726433399e-01
2.324158204113466186e-01
-5.666411652450942249e-02
2.299719245524348143e-01
-4.933340813026781957e-02
1.881255146335755746e-01
3.195106560467247392e-01
-4.542798659264907224e-02
-1.192173980918828646e-01
-2.108685629739242839e-01
6.254108190769830378e-02
2.842393897002862269e-01
-1.842758967200686104e-02
7.148361192442415080e-02
-1.098283347508351437e-01
1.132006551282538354e-02
1.058295640905370094e-01
2.613965397769944521e-01
-1.032780631659166448e-01
2.938542607830852416e-01
1.704241544717491341e-01
2.578457913783557820e-01
1.215030259657723377e-02
2.320207244250525602e-01
1.308288370762105690e-01
1.665596899400096365e-01
-1.353611987273407036e-01
-7.045535392683827114e-02
1.003394467066781592e-01
1.018718614443051007e-01
3.125460835221504641e-01
3.384601141365022881e-01
-2.967787872859443676e-01
3.336135026890240662e-01
5.132370219971477132e-02
-3.510965322204124828e-01
3.299718801716696182e-01
2.884966445934123436e-01
3.490870788365589283e-01
-3.427967465991179630e-01
-3.482146852985112950e-02
8.250575987751335161e-02
-6.394284900203461852e-02
3.249108488499140024e-01
-6.116899385027774194e-02
3.000014062467122877e-01
1.596453442005785761e-01
-8.189471564400863102e-02
-3.397699448758664253e-01
1.681219165269760007e-01
3.358833267211751017e-01
-2.240944382702145798e-01
2.446084839193455873e-01
1.526973085736175739e-01
3.711502024670564892e-01
2.325287398774590897e-01
-1.479943395993376654e-01
1.877470870492313204e-01
-1.841926858502611342e-01
2.490351028597775351e-01
2.949962839818686677e-01
-1.027713674800432853e-01
-3.327557165868061384e-01
2.528451139888454602e-02
8.490051751754584819e-02
3.026423100939527600e-01
3.707428774274417749e-01
1.528167116307155293e-02
-3.051632967917357608e-01
-2.153470759343285579e-01
3.307782788798660500e-01
-1.450839666881725831e-02
-2.267012309828880245e-01
-8.263202542122805028e-02
3.732541146612277649e-01
-9.476676224880309363e-02
2.714917490135786982e-01
-1.657458012284426518e-01
-1.698010664766606281e-01
4.868326947024187445e-02
-2.738655875751668800e-01
1.869192554675809803e-01
-1.040748717504351162e-01
2.397827394620850039e-01
2.155494270429375026e-01
-1.041201082011267154e-02
-8.149144114817019613e-02
1.467317741663520247e-01
3.291770152148726925e-01
4.598301509272417764e-02
-3.302869378955791135e-01
1.240631899971311736e-01
-1.925592821455321124e-01
-8.545747154306065907e-02
-2.017414034877949569e-01
-1.581830051450310581e-01
1.792762758786418664e-01
3.516434657116581097e-01
9.161064544764058182e-02
-2.319835621629406930e-02
-5.629056555934325301e-02
-1.102205366551695098e-02
1.297262605054713691e-01
3.399571825865972952e-01
2.093631524951681810e-01
2.724117213668690307e-01
9.565593284465623292e-02
1.714913868454840951e-01
2.455252527640065519e-01
-3.148900479841670874e-02
-1.178368152356473186e-01
-2.041856529065957937e-01
7.457812420012049914e-02
-1.591607128446148045e-01
-3.558768759918979341e-01
8.537389099013192872e-02
-1.350585095454825968e-04
-3.216101036336227459e-01
1.370373865626970944e-01
-4.522034962559479121e-02
1.729532023288309905e-01
-2.306078935878041747e-01
-6.135918385413319243e-02
1.260456706552868789e-01
3.458541360820596711e-01
-3.593148829031871383e-01
-2.761333728750402505e-01
2.476403904778124443e-01
-1.442286149003474405e-01
4.420446219196261239e-02
1.609310682326361985e-01
-2.486846570304734882e-03
3.090581190307231663e-01
8.978308011320040860e-02
-3.081566622431190505e-01
3.230459385831238595e-01
-9.073470997869498289e-02
1.615228190581241008e-01
0.000000000000000000e+00
0.000000000000000000e+00
0.000000000000000000e+00
0.000000000000000000e+00
0.000000000000000000e+00
0.000000000000000000e+00
0.000000000000000000e+00
0.000000000000000000e+00
0.000000000000000000e+00
0.000000000000000000e+00
0.000000000000000000e+00
0.000000000000000000e+00
0.000000000000000000e+00
0.000000000000000000e+00
0.000000000000000000e+00
0.000000000000000000e+00
0.000000000000000000e+00
0.000000000000000000e+00
0.000000000000000000e+00
0.000000000000000000e+00
0.000000000000000000e+00
0.000000000000000000e+00
0.000000000000000000e+00
0.000000000000000000e+00
0.000000000000000000e+00
0.000000000000000000e+00
0.000000000000000000e+00
0.000000000000000000e+00
0.000000000000000000e+00
0.000000000000000000e+00
0.000000000000000000e+00
0.000000000000000000e+00
-2.802369715103104064e-01
9.288175488329009077e-02
2.913957846898612147e-01
4.429290914725325656e-02
-2.091655403023734427e-02
2.202313257196784613e-01
1.514649004999543136e-01
-1.790235809725342353e-01
-1.719348260699473108e-01
2.202360687169861442e-01
-2.829278065360551486e-01
-2.908099227821881461e-01
1.292146379928616473e-01
6.664232951579346365e-02
2.096990796330562845e-01
-2.123950184807538166e-02
-2.982017045463849492e-01
1.960310903171337826e-01
-2.743570987122614935e-01
-1.350571299631053712e-02
2.447183325128086673e-01
-1.372991514886935105e-01
-2.555883649677315739e-01
-4.400542894265291327e-02
-2.546030188123619697e-01
-4.083991627120037160e-02
-1.409616794890157232e-01
-1.732599606162633921e-01
-7.429911170856420832e-02
1.721030300358791232e-01
2.649881988420715317e-01
2.298385862037465865e-01
2.635165976546871014e-01
-2.868852628589215192e-01
-3.797642826273500694e-02
7.006871312078472025e-02
-1.994600315123548073e-01
-2.126253404309312034e-01
-2.336039019061888489e-01
2.768075377557703276e-01
2.319152644449548606e-01
-1.820479123346980255e-01
-2.804653797284826777e-01
1.937457499327493449e-01
2.547217969208230293e-01
2.338021922218431192e-01
7.088504303826098640e-02
2.899292032203243941e-01
-1.093193952696680515e-01
2.049343860986668764e-02
8.839215873113154265e-02
2.269641536874305587e-01
1.384372615482076796e-03
2.718791933009801487e-01
-1.955999744308072330e-01
-1.781664268661981021e-01
-2.065159572352925910e-02
7.698764695417970039e-04
-3.368314639211922312e-02
1.122221720241743381e-01
-2.704963669276202465e-01
7.222830399698498827e-02
7.851001746317526342e-02
-3.002563296799866666e-01
1.965110088206120653e-01
-8.789097781047250368e-03
1.965327287764965791e-01
3.912136098583718358e-02
-1.371562204641298965e-01
3.143816982923952619e-02
-2.476599068944998205e-01
1.512329287604536332e-01
-1.467860182188563123e-01
-1.189484797595125598e-01
-3.727157416093307418e-02
-1.304390227314523032e-01
1.742116849396702083e-02
-2.812190032260083461e-01
-1.382386033699759820e-01
9.758470425142329319e-03
2.412842286110095658e-01
2.304930345559768612e-01
4.158077212221161778e-02
-1.120747481706999005e-01
-1.701215506674204625e-01
-1.346077464490370301e-01
-3.131802166977576407e-02
2.028972064343160242e-01
-2.618523763045415564e-01
-9.411592122024184381e-02
2.182069058153336960e-01
1.872633802864216990e-01
-2.299739834808672834e-02
-1.398696399953536229e-01
-4.749218604520116793e-02
-5.971903015112811630e-02
-1.343002144758411454e-01
6.002962197178995929e-03
-2.018203823806469788e-01
8.754472460440382298e-02
-2.308000002140398188e-01
-9.261117350637493306e-02
-6.344136219504273311e-02
-2.464916414263669531e-01
1.758732407886355875e-01
-1.188932877476542027e-01
-1.007502793965331378e-02
-9.185129402715097591e-02
1.404755817759929526e-01
2.707161895289005860e-01
2.155490228964527799e-01
2.958647982336330418e-01
-5.727370522417676857e-02
9.379223595463559437e-03
2.946448219376255895e-01
-6.199581395901967995e-02
-1.803145204392401224e-01
-2.443430653255045382e-01
-1.997943465676931263e-01
-3.138582821521634925e-02
-2.750905628210524867e-01
-1.829313093536505397e-01
1.573143354450518006e-02
-9.903165327132398832e-02
-1.373843468300176562e-01
2.283411237073666444e-01
-1.615499909270238232e-01
1.914416997445764768e-01
4.856373062484986569e-03
-2.975001338930353123e-01
1.872539867567739047e-01
1.825397159370592548e-01
5.970965943408401699e-02
1.767100004351758180e-01
7.844264187166771762e-03
2.170683253392178824e-01
1.912589934537531899e-01
5.894646637966843850e-02
9.281336177555993272e-02
2.019547037266232192e-01
2.349448427398095895e-01
1.105358011490298886e-01
-7.313001756591275271e-03
1.992388985409755953e-01
-1.022072848179671756e-01
-1.588392677084491111e-01
-2.545493996396757663e-01
1.003981116875707347e-01
1.673754191779790457e-01
1.231848448693160791e-01
2.972585588005356994e-01
-4.601950746467425857e-02
1.103706813759225969e-01
-1.825535508730795620e-01
-2.298634861248542438e-01
3.026100246657544290e-01
-3.845426698945275668e-03
-2.196142563145423998e-01
2.712888303668952727e-01
-1.316719301419811416e-01
8.807971455290886098e-02
-9.615270270155007459e-02
-1.114307041947155408e-01
-2.895685415188381517e-01
-1.654725473598398777e-01
-2.403884467755780796e-01
9.117900568252679250e-02
-1.699177325355101242e-01
-2.742644332610677527e-03
2.172546348545479344e-01
-1.444707328867046170e-01
-2.804559821579613033e-01
2.276563371473575015e-01
-8.075345670370717710e-02
8.944879039136321985e-03
2.098651440953862024e-01
-4.455268145354029929e-02
2.603530674107272236e-01
-1.823326936950836474e-02
-3.106152883394214248e-02
-1.579586194251426934e-01
-1.727484796558378943e-01
-2.635628662206089268e-01
2.421408580727273940e-01
1.758921262071812541e-01
1.085896988698479837e-01
-3.775696356839908230e-02
1.137634912235008233e-03
2.802235656565797428e-01
-4.113005285825765966e-02
-1.557560577248254807e-01
2.567250781696707729e-01
-1.562422356090807374e-01
1.482361381738648287e-01
-9.892674302254531038e-02
-5.077856786700857272e-02
-8.491858167034913030e-02
-1.871123743366366887e-01
-1.172995331192341617e-01
-2.397768424721165026e-01
-2.257544353407501259e-01
2.097519094686817742e-01
-2.983443597284017312e-01
-1.865058505726783777e-01
-2.039683938054742685e-01
2.614216700213559119e-01
-1.310533281262767635e-01
-3.039330685666443155e-01
-2.259553602777845394e-01
-2.399630518559018322e-01
-7.843943122796651068e-02
4.953639678566384985e-02
-2.369031058905989862e-01
-2.883074043409782905e-01
1.950143803505887674e-01
1.388011671389618451e-01
-1.680579492846016598e-01
1.807277676939653133e-01
2.236363605197645987e-01
-1.173007640365527904e-01
7.652646962687709165e-02
1.518940135186011009e-01
1.928098989570691812e-01
2.228615578692527133e-01
1.961778448264898667e-01
2.388774276147598297e-02
-2.862588447547733672e-01
-6.528398430349552362e-02
3.891640479613600601e-02
2.485721225355950748e-01
-2.302628563111797089e-02
-6.360935801962577796e-02
-1.899050991360871632e-01
-2.944024156306201956e-01
-3.782939530869561251e-02
1.903534739656334018e-01
2.651153460753419844e-01
-2.552250435428172759e-01
1.885934580838699581e-01
-2.820338014742028721e-01
6.382896780318364494e-02
1.497031290372599077e-01
-3.054070465383730282e-01
-2.384074830097756836e-01
2.468428115685105673e-01
-1.950150067179846070e-01
-9.303108337372090197e-02
-1.692212117987249298e-01
1.585592004839118108e-01
-2.769707243589653034e-01
-1.207465555212494657e-02
2.945377849940539750e-01
-9.328611240517689640e-02
-2.575908139037716982e-01
-2.860333284788001973e-01
2.005914631408657889e-01
-3.030276452416582611e-01
2.829062756605293383e-01
-2.866502786026621785e-01
2.237581989064149623e-01
2.761316835703911399e-01
2.773949334421979551e-01
-8.915794905675564208e-02
-3.250357487982763471e-02
-1.666311447159307124e-01
-2.984132410067189545e-01
-2.933635128645981083e-01
7.151328548275925900e-02
1.717459766574878643e-01
2.987521504656313609e-01
-1.789632191049868315e-01
2.208710412015167379e-01
2.733668333820535312e-01
2.320645475971094274e-01
1.465268738960294193e-01
4.208117048285653361e-02
1.513867374192720550e-01
-2.318925753784522592e-01
-2.845373160751507591e-03
-1.653334635260768903e-01
2.626044572807806898e-01
-1.944210213620655159e-01
2.420993363985935454e-01
-2.042040395985010304e-01
-1.933343046933556630e-01
3.401079655038063976e-02
-2.450737381922634961e-01
-1.586782574524226164e-01
6.779184034013746585e-02
-2.421823387130106198e-01
1.268295883847123107e-01
-9.923677907422423505e-02
3.055583020373137670e-01
-2.782904535776658528e-01
1.150246955367892343e-01
-1.767742528038530048e-01
-3.802273990105348167e-02
2.110657696575754527e-01
-1.830448870043323573e-01
2.071977790733466329e-01
-4.199501734212868209e-02
1.975108836844853832e-01
2.462497812266014052e-01
2.846733138043454070e-01
-8.634076969483539532e-03
1.201984154827168139e-02
-8.261526569005153697e-02
2.370771737271707980e-01
-3.061261508748789328e-01
1.763806270049066427e-01
-6.973816361791640439e-02
2.706749432903371444e-02
-1.567001298163995804e-01
2.362036253946245279e-01
7.151743831218093650e-02
-1.984861946350489348e-01
2.889809651633007959e-01
2.245441402645105833e-01
-2.119378932402202764e-01
1.740043330290657608e-01
-1.621710409378120665e-01
2.799741534083681205e-01
-2.616154669840485836e-01
9.683787915375730027e-02
1.167517186706403254e-01
-1.493649164772016258e-01
6.147806702174113402e-02
2.525217678260101573e-01
-1.888012512934119647e-01
-2.646837172021296869e-01
7.222544109762302211e-02
1.421219171163144446e-01
4.095444706417650238e-03
2.809272445434852217e-01
1.941996895261153822e-01
-1.799063982204461010e-01
-2.079973063597776450e-01
-2.591071295745439040e-01
-1.802512641358517687e-01
2.345819112268966999e-01
2.335763400510733612e-01
1.009521352786420523e-01
1.919680091310116410e-01
5.399764579637633677e-02
-5.917115444937109947e-02
3.737421698893761413e-02
2.904571906673537041e-01
1.613965137945333472e-02
-5.740337505599474310e-02
-9.318178527001264033e-02
-2.271648665806796918e-01
6.942784612027630420e-02
-2.658060409109779254e-01
-2.595708939932350745e-02
2.572840511281360709e-01
2.497395637056813444e-01
-2.642193246171860577e-01
-1.071433601947328063e-01
2.088963916289106604e-01
2.650299394973861244e-01
-1.003539044736148356e-01
9.924335471548062504e-02
2.853110173097399005e-01
-2.065452374133149305e-01
-4.550278963379617014e-03
-8.664564880160929849e-03
6.874297895819464488e-02
8.699925339280484282e-02
-7.586268883786442818e-02
1.998274201005512674e-01
-7.338181182167713423e-02
2.373739111253375111e-01
-6.178268048195795226e-02
-4.486146895308090743e-02
7.525321528410872096e-02
-1.385356885513082947e-01
-1.977402154107202881e-01
2.443146150071192069e-01
-2.289489640456940922e-01
-1.020392854803381655e-01
-1.592816153857297967e-01
1.756722106961094987e-01
-5.288985929642192607e-02
2.011218911308443325e-02
-1.534890166126362532e-01
-3.234284742572640647e-02
1.124650928438779562e-01
-2.731557185141667010e-01
-2.124426536309307889e-01
2.277721178013994430e-01
-2.146679540817863496e-01
5.135576284983056627e-02
2.504231049888301919e-01
7.424603729010931241e-02
1.219570366751299151e-01
4.240004292269916597e-02
6.287500702513404427e-02
2.451899287228059277e-01
-2.566592535368267258e-01
1.225111239329956248e-01
-9.756468226512127195e-02
-1.032108523098172748e-01
1.489706347958160149e-01
3.713143195796120288e-02
2.986597101148321109e-01
-4.871729974527000406e-02
3.698047294797218720e-02
1.199505817517336759e-01
2.110264006928347924e-01
2.321329884620635942e-01
-1.175001702968595241e-01
2.682803045363679195e-01
-2.793334544034428157e-01
-1.119231615569466487e-01
-6.189179837432753906e-02
-8.146761391105822314e-02
-5.198265349632735788e-02
-1.913326442530854377e-01
2.052575866114793590e-01
-2.785545665948409022e-01
-2.212282818604105472e-02
-1.864780478563534682e-01
-2.303974891188825813e-02
1.861002256461580240e-01
-7.480591134637246120e-02
-4.563523301699501378e-02
-2.857691545499952968e-01
1.779983445165717049e-01
-2.165170003870584003e-01
7.092258143060309328e-02
-2.911405235260036695e-01
1.241076467505218828e-01
1.668378791899393643e-01
8.818687351028503540e-02
7.662402906159615501e-02
-2.209741766374543614e-01
-1.108330101173288784e-01
8.122339093482056072e-02
1.792757311208724724e-01
1.418326909327127794e-01
-2.164419499695894311e-01
2.518933903659597573e-01
-2.739024123436273328e-01
-2.298534567238213477e-01
-2.797103818439191647e-01
-2.119047167571287138e-01
2.283262614095318832e-01
-5.437278811029216952e-02
-9.689074981250209162e-02
-3.990003534929564832e-02
-2.630905701962434895e-01
-3.001060008291666081e-01
2.864196571219843057e-01
-9.350855945026853577e-02
2.120638286782808302e-01
-1.536604712226573577e-01
-1.838935907606163989e-01
-4.032500114609316455e-02
-1.739259019787996741e-01
2.785639119032555233e-01
2.952132925952670184e-01
-1.067754301800924455e-01
-2.226807291777401221e-01
9.039158232074367971e-02
-1.906410917847251030e-01
2.399058024397807132e-01
-2.383425357612223572e-01
-1.058040905896036887e-01
-7.983177175051869856e-03
-9.800484174302134810e-02
-1.218039170478880384e-01
-1.307803016760321069e-01
-8.270310321673751686e-02
2.506072689313238455e-01
-1.493791896379761119e-01
-2.770139671308404217e-01
8.520888598999531993e-02
-2.649221380723204011e-01
-3.005090176553715242e-01
-9.953414150724340659e-02
-1.098119349116127019e-01
-1.832802296633901928e-01
8.235079648348819781e-02
2.826859485197402155e-01
2.962834659459419595e-01
-2.572541883727134104e-01
-2.981354839114572219e-01
-8.777150058749691452e-02
1.533780042638803742e-01
-8.447661856668192693e-02
1.856545274935646472e-01
1.872795245879655401e-01
2.859362565941038770e-01
7.822279506244167457e-02
-2.452050785174792191e-01
-2.531770362361160376e-01
1.205210093817005723e-01
5.731016763354812582e-02
-8.207749127445154724e-02
-2.989422843376461914e-01
1.347308156553603808e-01
-1.801547621528054310e-01
-1.918299381426256667e-01
-2.215609397145185122e-02
-8.142889369172282010e-02
-1.727661980902513994e-01
1.142901067149221239e-01
-1.453256496266924769e-02
-2.128077398073764670e-01
1.396284494761420580e-01
2.452031348562667135e-01
-1.481289581241032327e-01
-1.581144455013188399e-01
1.529736477993594579e-01
3.734547689209838373e-02
-6.534514278830894085e-03
-1.121038765986321073e-01
-6.893803155772171287e-02
2.168595009014994690e-01
-2.808663304588994714e-01
1.620192259288826264e-01
-2.556187959563844814e-01
2.172367590250447456e-01
1.757082930439370916e-01
-1.114159785656539114e-01
9.011619027776140989e-03
-2.106212358969463128e-01
-1.902542605336716430e-01
1.582808680497346243e-01
-1.144554433300302709e-01
1.252646399467933214e-01
-1.837676158592480014e-01
-3.737699871595379086e-02
-2.961694551824908817e-01
-2.519487298562377298e-01
1.896598317229009623e-01
1.097629602484080924e-01
1.975164341395570511e-01
4.089399063377407995e-02
-6.621684028284488543e-02
-2.381690086800810624e-01
1.505441438418480549e-01
-1.103980956240171174e-01
1.306462730342026202e-01
1.032955897024012692e-04
-2.365043147041858140e-01
1.102109089412353637e-01
1.365425615005643190e-01
-1.344123735395584551e-01
6.365340690759679898e-02
6.999511500481864212e-02
-2.314133393462485810e-01
-2.160486826047995634e-01
2.190366453492842980e-01
-2.605779420068470853e-01
1.964686479056054202e-01
1.825795409085693155e-01
-1.023016678203754748e-01
-1.669813531586756550e-01
-6.269351537324141521e-02
2.080777816081433307e-01
2.644819865853901830e-01
1.549838738181937847e-01
-8.123243992086778831e-02
-2.090750556253812564e-01
-6.438174839788002313e-02
-6.770801365088671697e-02
1.769747574672035362e-01
1.657072930775446151e-01
-3.309139409728889536e-02
1.154501328170776109e-01
5.488875296115064417e-02
2.270742278708751116e-01
-5.504109683405156161e-02
1.442200914701987635e-01
1.650020659667438272e-01
-1.016595200285864142e-01
-1.731377398119964828e-01
-2.485813105245307797e-01
-2.127311486875588242e-02
-1.774972283260922712e-02
-5.478856204979876132e-02
-2.528422597414324846e-01
1.771703318436496088e-01
1.704996540403323491e-01
-1.781993258296110660e-01
1.581333007892704590e-03
-2.928466430871636272e-01
1.376140967034447105e-01
-2.084615091901771688e-01
4.177346127397141284e-02
2.174076213634307808e-01
1.795151596571292751e-02
2.776303790992661891e-01
2.528720623149401381e-01
8.701465054354312612e-02
-5.742602872255997415e-02
2.839715453729846906e-01
5.736239211610499877e-02
-3.010990960543141193e-01
1.600906024205239753e-01
1.738649658176937285e-01
5.427465715841267579e-02
-2.145017484573639166e-01
2.726000460114541002e-01
3.877972800629125860e-02
-1.464153476669586285e-01
6.573823963207586774e-02
-1.173762057899152000e-01
2.476319076831158816e-01
7.000021644454512693e-02
-2.631391247088855079e-01
2.046831874419477448e-01
-3.000311145445992422e-01
2.246565221082142405e-01
-2.600150215789629460e-01
-1.698104517951550818e-01
8.669648033521570873e-02
9.861785656513855081e-03
-9.273568692094077970e-02
-1.620969504899247571e-01
-2.173077506524448699e-01
5.820559422148607887e-02
2.091742060002688697e-01
-8.879398856403220019e-02
2.923774040578219213e-01
-2.779674466132693866e-01
5.360614091852916596e-02
-7.397943136641832451e-02
2.581986595128698547e-01
-2.052506051470582571e-01
5.988118699564687342e-02
5.459541990165095449e-02
-5.445432456893783968e-02
-1.810760397089107021e-01
2.399741066069021600e-01
-8.769033851037882910e-02
2.108556348404689307e-01
-2.267216115366461893e-01
2.911643157153880890e-01
1.159875260260191387e-01
2.015362953746760444e-01
-2.243211096512705560e-01
-7.878089034248192402e-03
-4.824222855722271053e-02
-1.399088050364948321e-01
-2.278291873481422813e-01
-5.936305434790617452e-02
1.777064618936586848e-01
4.598832788498430357e-02
2.657852946323349674e-01
2.973655859704794069e-01
-1.649599317206309201e-01
2.709064218797175294e-01
-2.094168341414966439e-01
2.888362988243820539e-01
5.039605403697339225e-02
6.310006298649961654e-02
-8.145930148995303433e-02
2.277434703979154818e-01
-2.571353684073215962e-01
2.789992225925079228e-01
-1.762863261490208444e-01
-1.770836169955084527e-01
-1.123814034675120199e-01
1.256367651877698943e-01
2.993208422897679077e-01
3.050393526296180102e-02
-2.519347510707242166e-01
-2.306741731829427267e-01
1.971031948610073026e-01
2.085142894029695104e-01
1.858612686729624874e-01
6.530389652239482201e-02
2.361109317267085506e-01
6.190174726841835007e-02
-2.276615767784854472e-01
2.831395580347795815e-01
-2.285921330177007604e-01
1.404285149233316377e-01
1.755664737147397680e-01
1.369358445133787017e-01
-2.347954940685635372e-01
-2.210332330548795410e-01
1.007886436734728441e-01
-2.797879532593139373e-01
-1.432122332470736614e-02
-2.575278666263102201e-01
-2.064579239256046639e-01
1.675055216749065101e-01
1.152179216790841232e-01
6.750233221557094820e-02
-1.443967600864096701e-01
2.949823325014855335e-02
5.619865665852952219e-02
-9.445155053096779274e-02
2.134264051087297887e-03
2.937481428930223681e-01
1.232787184496095256e-01
1.869088713152433634e-02
1.836298404944554097e-01
-8.761368903096675154e-02
1.469834198862897123e-01
-3.037149145758575863e-01
-2.377406238717627573e-03
-1.376643641118803496e-01
-1.381009137203342285e-01
-1.179022704508276009e-01
-7.869905074622271512e-02
2.824777022101115365e-01
2.938543928775589342e-01
-1.790936619786225037e-01
-2.560338287667832113e-01
-1.477802213001526976e-01
-3.708121681422699156e-02
1.656970046281691644e-02
-1.216900260769109565e-01
1.919003036130080275e-01
1.248197955711566332e-01
8.673971920264217372e-02
2.187117590046539495e-01
-2.276269571236576028e-01
-2.309579300899589072e-03
-2.600716714135236640e-01
-9.506127689241067324e-02
4.382692794670300929e-02
-7.375463696427239646e-02
1.137794719624768414e-02
5.858638475823624292e-02
-2.525205349658290466e-01
-2.153245246750042918e-01
1.020040215659737681e-01
-2.891465596673215566e-01
1.267411872511126636e-01
-1.886360244646353435e-01
2.056700383486491091e-01
1.785019015187471192e-01
-1.290249426884170214e-01
1.443183724501141407e-01
-1.867857089085653288e-01
2.437786948746985538e-01
-5.710067924177306131e-02
-1.227119935178554166e-01
-2.498475994445355230e-01
-8.449433073271028771e-02
2.792298014702552789e-01
9.392570012402484680e-02
-7.958831821512524218e-03
2.749239027430416260e-01
-7.545205752028710799e-02
1.823920578988550423e-01
-1.003812285927453696e-01
-1.535253263956802283e-01
-2.807031124757397023e-01
-1.125348693730135463e-01
1.647937093672744990e-01
1.563898978285546693e-01
-5.345070303540722101e-02
-5.155240322399518016e-02
-2.854367076751122001e-01
8.055561288964468991e-02
8.700474714055500547e-02
-1.927355127052323980e-01
-1.932530236752827424e-01
-4.646104956351643223e-02
2.704217229398463984e-01
-1.369508421311118052e-01
4.446525807172768685e-02
3.195832231921652555e-02
-2.635667106320003783e-01
2.336442793010969354e-01
2.486176746513003022e-01
8.651891077409501474e-02
-2.126146024171517990e-01
-1.908029226504304177e-02
9.058317226970619140e-02
-1.996893892539806092e-01
-1.821206359173782596e-02
-7.555203760205511654e-02
-3.002242918109286896e-01
1.469531196306304022e-01
4.254508463929329576e-03
8.382735362043813865e-03
2.478740952684108101e-01
-7.110341820114274292e-03
-1.855939261872559254e-01
2.339026659852980194e-01
2.742193403425383091e-01
1.316553085876818185e-01
-1.450543541215627008e-01
2.570847345239251625e-01
1.993552820952689264e-01
-1.930313723852718488e-01
1.550612340379693976e-01
1.497873668743273101e-01
-2.823713768080881037e-01
-6.660040627791460888e-02
2.490563019659050581e-01
-1.510478005818497171e-01
3.013865269048383033e-01
-2.696276996337806375e-01
-6.986165445476147373e-02
3.247397193395273884e-02
-2.427261410111987705e-01
7.383577335423457955e-02
1.765882484004011044e-02
2.150344483367772064e-02
2.024973502507504963e-01
-1.833068703595364668e-01
-4.937900676356077323e-03
1.988516937363217774e-01
-1.667220265753612263e-01
-1.477722091399794879e-01
8.605562168890679153e-02
2.214548505683227586e-01
8.712514323790121473e-02
-2.237514083365383377e-01
1.706617177236193217e-01
-2.214991875581968084e-01
-7.074992512280808832e-02
-1.115883847137549567e-01
-5.756534022458842381e-02
-2.259404492587608060e-01
1.805863299870977268e-01
2.221773036392729606e-01
1.997053075248466647e-01
1.679812750032264601e-01
2.049971229280296847e-01
1.280048690655389287e-01
-2.568923829323703223e-01
3.036413358736904100e-01
2.899514596466518657e-01
8.994030784285755864e-02
1.452350762412468188e-01
-3.729704402079814241e-02
-1.411809862138807825e-01
2.303477111974416291e-01
1.442319390900990705e-01
-7.866547101259682706e-02
-2.386391743121740183e-01
-2.194993780367031078e-01
-4.023106259297648535e-02
-6.326447196561044151e-02
2.665246586361173509e-01
5.503765489002160338e-02
-2.231074846023723135e-01
1.991816522757061114e-01
2.181315430351482565e-02
8.172992181571470116e-02
8.476789112503863022e-02
1.909371679991248016e-01
7.246341079791618345e-02
-2.117726733494330604e-01
-2.253432186364500711e-01
-1.818059541361682629e-01
2.391902451478550296e-02
-7.440845905302301277e-02
-2.152938585008151717e-02
-1.184474294824766627e-03
-8.804639999768340552e-02
2.052641167848692771e-01
-2.909131693413685715e-01
2.168437223899508104e-01
8.863711646711786019e-02
2.205654606164942355e-01
2.930998137666899761e-01
8.761453250402223558e-02
9.918426417409836882e-02
2.349868612593550288e-01
8.392493425534985896e-02
8.998942906393664343e-02
1.479310080789769666e-01
-1.263306113308819700e-01
-6.522713549640182795e-02
-2.871502033878388649e-01
1.599535730761014185e-01
-1.697006050486543904e-01
-2.682837139411730631e-01
-1.874570197686109552e-03
9.875268297358780201e-02
-2.575407894446568591e-02
-2.470190108818707819e-01
2.775751034567403575e-01
2.176404116310726722e-01
-5.625655808497159738e-02
-1.683616857339597095e-01
-4.962963600173625478e-02
-1.731828596266800635e-01
-6.116411572263910634e-02
1.357583234214720935e-02
2.717197912000938742e-01
-2.401731954098066391e-01
-6.197207382050526348e-02
-1.313993366926356487e-01
-1.572040535306904463e-01
2.584773879605200553e-01
-2.949339473440379389e-01
-2.171013935074005419e-01
7.347581967586658269e-02
-1.308246716452985958e-01
1.548292165278120081e-02
-1.220124977057474580e-01
1.354506897680439192e-01
2.585164532762779799e-01
1.773038638100758457e-01
-2.122822429172947500e-01
2.687742611901655088e-01
-5.508093411546249873e-02
4.258286154016738267e-02
9.006349348158065871e-02
-2.472925587922588098e-01
1.327572303162118383e-01
6.878131887377031406e-02
-2.461594708870622483e-01
8.181878612118437255e-02
-7.821880946186368644e-02
-6.964510245398827792e-02
8.212664148191584079e-02
-1.662715504817396939e-02
1.122121998695359002e-01
2.260179020452471321e-01
7.779333435690893861e-02
-6.587059583450902145e-02
2.759655587557085510e-01
-1.786128567260978628e-01
1.927906878623818487e-01
-1.594724154791210824e-01
-7.024071527580724728e-02
6.809843615970412323e-02
-1.141294310601631001e-01
2.883154161279596894e-01
2.141698520755295765e-01
3.857459523908479682e-03
-6.170798068392885360e-02
2.172995076702804451e-01
-2.625346649363886620e-01
6.398291821403501167e-02
1.328248565099019451e-01
3.998592170746007035e-02
1.384399740332757367e-01
-2.059324127657738424e-01
8.052365878320683068e-02
-2.593957641439658124e-01
-8.763241770876475933e-02
1.892460335847471198e-01
1.708587370914219083e-01
6.284040063252288588e-02
1.552567025466165540e-01
-4.688299708791981990e-02
1.250122172564521739e-02
-1.367632193999320234e-01
1.823504448175106152e-01
2.370281600538702294e-01
-1.979755541774907979e-01
-2.702142603729538739e-01
-1.506891693077555272e-01
1.490865452486322962e-02
-1.284896307543330896e-01
-1.248199350486140502e-01
6.869031203185183010e-02
-2.793743258362824111e-02
1.907696750290890364e-01
2.347241735559934539e-01
-2.747035448598538765e-01
9.247662656660082803e-02
-1.087313502056370951e-01
4.642331924059611703e-02
-1.091903592383093868e-01
2.031874320201234041e-01
-1.385549320239918003e-01
2.079513811073174789e-02
-9.276975545882415464e-02
1.583329746143004590e-01
-1.399375353389754606e-01
2.670767082266707892e-01
1.466718798922277966e-01
1.289932343518796487e-01
4.413763009950555372e-03
2.729549394331198253e-01
1.892155043368689005e-01
-1.294701681600168297e-01
-1.664899025893333828e-01
-1.628644392335509838e-01
1.298085369604374817e-01
-3.216297893857583690e-02
-2.764941753566295679e-01
-7.522243826240052056e-02
1.605171369304880802e-01
-2.854009924598701065e-01
1.199004311526579158e-01
2.487699458909640726e-01
-2.963501264345251296e-01
-1.427950694694104794e-01
2.624376176050477460e-01
1.837871610408989831e-01
-6.841686577177152895e-03
-1.049534162583215524e-02
8.047272634479868403e-02
-2.055013576814087584e-01
-5.810881761191674655e-02
-1.555419651003269454e-01
8.704549561676933056e-03
-3.008584017628724849e-01
-1.347140780765364587e-01
-2.581227206695702048e-01
-2.515654304150779508e-01
-2.892356077250837765e-01
3.396640008614676409e-02
-2.723278232198830251e-01
1.014574343242805043e-01
1.082626482716245730e-01
2.861705274461466275e-01
2.831663198848977658e-01
3.291397675857593574e-02
2.557398855357562173e-02
1.696927456960917735e-01
1.487273643559025582e-01
-2.089644772872423506e-01
1.415096263144414168e-01
-2.156169621369382616e-01
2.838352109870305173e-01
2.443094779797291838e-01
-8.239455615151614065e-02
2.230358926710196421e-02
0.000000000000000000e+00
0.000000000000000000e+00
0.000000000000000000e+00
0.000000000000000000e+00
0.000000000000000000e+00
0.000000000000000000e+00
0.000000000000000000e+00
0.000000000000000000e+00
0.000000000000000000e+00
0.000000000000000000e+00
0.000000000000000000e+00
0.000000000000000000e+00
0.000000000000000000e+00
0.000000000000000000e+00
0.000000000000000000e+00
0.000000000000000000e+00
0.000000000000000000e+00
0.000000000000000000e+00
0.000000000000000000e+00
0.000000000000000000e+00
0.000000000000000000e+00
0.000000000000000000e+00
0.000000000000000000e+00
0.000000000000000000e+00
0.000000000000000000e+00
0.000000000000000000e+00
0.000000000000000000e+00
0.000000000000000000e+00
0.000000000000000000e+00
0.000000000000000000e+00
0.000000000000000000e+00
0.000000000000000000e+00
-1.666138882947118816e-01
-2.432922179654185002e-01
-5.126512426665291722e-02
4.028067030943044413e-02
2.022279437764649135e-01
8.967640655304787156e-02
-4.073999627440396121e-01
-1.262873763602714861e-01
7.757233992386092236e-02
2.359877068288166457e-01
4.128471395229929009e-01
-3.298870955810927486e-01
-3.755759828102748221e-01
2.431321876981329400e-01
3.200707317339829272e-02
2.323647579663101759e-02
-2.023922894467674594e-01
-6.517634035847441609e-02
-1.748057500037243084e-01
1.369095637097244023e-01
1.219574635721437650e-02
-2.484459600882446273e-01
1.495366169866022554e-01
-2.506877770947499862e-01
3.418515054221706873e-01
3.757562420028431882e-02
-3.684229913623439656e-01
2.184577449962680218e-01
-2.821518101255716671e-01
-2.817531848761875013e-01
3.695897034229679301e-01
2.128188151474100787e-01
-2.596053604160389883e-01
-3.056077139822429012e-01
4.116586294235764498e-01
2.238980331150731695e-01
3.886218083679627844e-01
3.243311672505414522e-01
3.639663677832721822e-01
-1.095717696193425628e-01
-1.595022274953769581e-01
1.836382662181212932e-02
1.325869960445162921e-01
2.960620286342825480e-01
1.209181346715414440e-01
1.619237481690384284e-01
-1.995605640659881552e-01
-4.114984838022858749e-01
1.835305891200207373e-01
-2.509877005053973709e-01
-3.096996480981657474e-01
2.990038922291676782e-01
3.627454438418564742e-01
-9.325766707823479607e-02
7.532012333949750227e-02
-2.874476533346430607e-01
5.646368812877289312e-02
-3.624273697890323387e-01
1.973525968341448555e-01
2.462912274135540258e-01
-3.946775933374284118e-01
-2.476868377061691717e-01
-1.023893937562255219e-01
-1.649459209166626861e-01
-3.881024098512985132e-01
-1.609662438878112223e-03
-2.351257988708060909e-02
-2.500727463738980916e-01
1.902154282959862552e-01
5.512636590681618820e-02
-3.336220487302334892e-01
1.770653380581216352e-02
-3.953245539845047229e-01
-3.818972352270212367e-01
1.803493706280341335e-01
1.420193496550145040e-01
3.201268831724511932e-01
8.331991228136770289e-03
2.327237033627765905e-01
-1.367282609154303885e-01
-3.746984912196501538e-01
7.780719667633451131e-02
-1.140961515362920453e-02
-4.002314642387058696e-01
2.079339706688566602e-01
-3.663301393111350057e-01
-1.438796674768679229e-01
-4.763665080167500676e-02
-2.132376811307147846e-01
-3.420979254665543756e-01
-3.342111721658445056e-01
-3.309668143049314670e-01
2.073031236291736912e-01
2.663039008015305464e-01
4.922221720464209360e-02
-5.823902218243132145e-02
0.000000000000000000e+00
0.000000000000000000e+00
0.000000000000000000e+00
