-2.118906141944625343e-01
6.146599362034884662e-01
-6.368261845285015932e-01
-4.172022974802931383e-01
7.413689354119862296e-01
6.269042364458840000e-01
6.389667244964344350e-01
3.892209048331441990e-01
-4.693770321734816453e-01
-3.366679783778147028e-01
-6.175569166530745502e-01
6.384925552770081003e-01
-2.881781000000528947e-01
2.225036147577855727e-01
1.318553369060411207e-01
-7.635403319800490030e-01
0.000000000000000000e+00
0.000000000000000000e+00
0.000000000000000000e+00
0.000000000000000000e+00
0.000000000000000000e+00
0.000000000000000000e+00
0.000000000000000000e+00
0.000000000000000000e+00
-3.755291985984716696e-01
5.844800391153696095e-01
-3.126581968397698086e-01
-5.581216889129635428e-01
3.533521133991940344e-01
-3.629515248413084372e-02
6.589422351741182071e-01
-6.078960585473227596e-01
0.000000000000000000e+00
