-3.727318052150093708e-01
-9.626280293775707486e-02
1.330119014344360306e-01
-3.457812762716547805e-01
1.279660550638975214e-01
1.932914312078286012e-01
2.517079653581675847e-01
-3.639486106559212120e-01
1.405300517193104892e-01
3.622483335556782591e-01
-2.963054134558586461e-01
1.907143056998847341e-01
-2.510332903144111283e-01
-9.338103668288677550e-02
-3.625264134396333215e-02
-2.966923145355186975e-01
-3.185524340368461327e-01
2.555883781673706778e-03
-1.672593438699374324e-01
3.019992364915256577e-01
-3.064812235438164612e-01
2.877591502280996694e-01
-4.999752371976307064e-02
-2.351751002083172226e-01
2.319203803926140339e-01
-1.901645189345746723e-01
1.301281297434075945e-02
-8.787578817137187137e-02
2.912491932255823479e-01
4.078346954914130462e-02
3.178187395308203489e-01
-3.687258154765831741e-01
-2.741463431387131111e-02
1.117829049970107125e-01
1.946038931422809370e-01
8.183294393780449205e-02
-3.049098735174662900e-01
-1.072607353889869497e-01
-2.957563932140275798e-01
1.884542334003527775e-01
1.999887783344969638e-01
-3.560086313478469378e-01
-1.931980878578091476e-01
-1.252897969341751905e-01
4.196501531674134977e-02
1.801813019189484888e-01
-3.362841644500716987e-01
2.641133419295435547e-01
2.356932641040940246e-01
-1.252506543909721881e-01
-3.288639023113284487e-01
3.454879328139473516e-01
3.283404291847509815e-01
-2.218538597822666547e-01
8.399493964452819927e-02
-6.499840832776404564e-02
-1.449671203385233809e-01
3.483043981918815257e-02
-3.652365315030980941e-02
2.522184505174454583e-01
-2.372042703817896503e-01
-1.060998075762639714e-01
1.847110172377896542e-01
7.965520965529626629e-02
-1.407384207660372644e-02
2.310010776613721784e-01
-2.134128494524366038e-01
-8.954774063120285454e-02
7.841839039107578735e-02
3.110564928688638875e-01
7.622998933902097596e-02
1.124277817059078366e-01
1.313112587635414941e-01
-8.759024263640241559e-02
-5.993199119504205585e-02
1.111546959627955355e-01
3.667397898867603145e-01
-3.243233998044787181e-01
2.641445299721199569e-01
-2.468331416375882936e-01
-3.154164474561532705e-01
-1.151025326459791387e-01
2.747647364682563320e-01
2.477265558360063902e-01
8.483008598541885714e-02
4.169502046319151223e-02
-3.528561091492970481e-01
6.753174957621732588e-02
-3.036921149045179735e-01
-2.088001321667073418e-01
3.420711591138754781e-01
-1.539274818428279235e-01
-3.481122729118937831e-01
-6.063170390067890159e-02
1.476986510336512626e-01
-2.445303975584295353e-02
-7.736829786776100448e-02
-1.091776807074580913e-01
2.763044261868358720e-01
2.301661514589842805e-01
-2.348058807272788151e-01
-1.677873504529316384e-01
-3.296107555432218339e-01
-3.446915772512685328e-01
-6.999068192523588694e-02
-2.984653945884806481e-01
1.715292243022556451e-01
2.676234741155620322e-01
2.462931548704590523e-01
-7.017886053820099335e-02
1.296607218744706969e-01
-2.454851119247438984e-01
-3.223141682192420254e-01
2.580394672099534659e-01
3.016926591969891214e-01
-2.994159149119241525e-01
-7.072525976908877743e-02
6.833249524139384246e-03
-9.367305148334553744e-02
1.195008664015312361e-02
-2.365383966885514777e-02
2.907061877176752573e-01
-2.115605155601291143e-02
2.480235700632943963e-01
-1.061997523800193299e-01
5.123762952270205506e-02
3.258700461884715405e-01
3.419345352424807416e-02
-3.668240751682542711e-01
-2.078571950225415743e-01
-2.322228403983767064e-02
2.944496044388226763e-01
-1.491393214995574701e-01
1.626052926833652656e-01
3.523001311042027184e-01
3.391829084606125533e-01
-2.352401473915503027e-01
-3.302482651110295042e-01
1.757262151085475788e-02
-5.292347310807965499e-03
2.590021337376440802e-01
3.083870497002695887e-01
-2.299113645357958036e-01
3.068790712430091161e-01
1.345000711719766540e-01
2.736700440435008708e-01
1.558574643814785721e-01
1.028844396066628808e-01
-1.101554557310241989e-01
-2.849036705405774694e-01
8.737968482863855968e-02
-3.331387011777942608e-01
-4.064091658769841686e-02
6.638893206050400231e-02
-3.036425849407668465e-01
-2.865146779199983507e-01
3.640784129232734201e-01
-2.858505330786853538e-01
3.719682058079116227e-01
-1.913198576894089009e-01
-2.283744413380771610e-01
3.330273399671705437e-01
-2.869987219414760204e-01
-2.806532507907963936e-01
3.538818481890576018e-01
2.473552504880815461e-01
-1.718639208729663415e-01
1.524822793220864114e-01
6.777891801326291210e-02
1.149868000392283429e-01
5.262966896046050724e-03
-1.511900050358559178e-01
-3.101276439232502069e-01
2.567081357806610398e-01
-2.976907782103253020e-01
-1.659138583918408349e-01
1.288786993346051069e-01
-6.810635817284926841e-02
8.684381200246615862e-02
-1.956972281962549298e-01
2.535132238151603379e-01
-3.010520823497656040e-01
-2.312788938423354645e-02
-1.298777966372622050e-01
1.105590282812568548e-01
-8.253625922992186004e-02
6.371154465689071733e-02
3.182234388458979324e-01
1.169794322295313882e-01
1.713948970711686726e-01
2.372783535491712614e-02
-1.234190329488233928e-01
-1.140701986763267284e-01
-2.834640169347357186e-01
7.931587063694467421e-02
1.707057173568378716e-01
-3.683949390440950933e-01
-3.550121805905821493e-01
-3.351439270759151712e-01
-3.293817219716239642e-01
-3.215077420441466161e-01
6.208040237517326032e-02
6.410595811892300100e-02
-5.585214514894287774e-02
-8.896576137573647403e-02
-9.232476740642187041e-02
-2.675890847999846112e-01
-6.235206382686858673e-02
3.043143527709287199e-01
-3.691170942047741765e-01
1.419140543579043290e-01
3.634212166348474438e-01
-1.690691223790518338e-01
1.271230576528784018e-01
1.130907580684159530e-01
2.064090668331995393e-01
-3.533494860097205481e-01
-1.366611626769551613e-01
-1.797274786271700620e-01
1.401977099225321655e-01
8.224921295691156597e-02
7.874139146712338944e-02
-6.355808211112212724e-02
7.807914326041848208e-02
-1.348822694441215164e-02
3.484973226958420489e-01
-1.527057579536873488e-01
1.040081131174294682e-01
1.683494329139487156e-01
-3.525654551876059029e-01
1.183852121684174641e-01
3.130861734968931054e-01
1.812792688739128799e-03
-1.604200088191313767e-01
2.400552531830478231e-01
3.075542932854776201e-01
-4.076196362673056850e-02
2.767586165000853193e-01
3.768302463735956342e-02
1.227103079778384398e-01
2.177263681481134139e-02
9.323326101856743708e-02
3.735842592180765864e-02
-3.359697644985045195e-01
2.854182514730443931e-01
-3.651582361566222956e-01
-3.643659173342691515e-01
-3.516811465671522141e-01
3.412360777418340096e-01
-3.656248788281168949e-02
1.475574235112852572e-01
7.391358082209342761e-02
-6.813238752423345090e-04
-3.059733688314725253e-01
-1.532062379040500799e-01
-2.468381411665832026e-02
-8.092605422027315809e-02
-1.908087933463205044e-01
-1.302284880383226262e-01
-1.508924301856160444e-01
4.070530221814883109e-02
2.679951756239576377e-01
-2.226634103294861389e-01
2.838407172305414394e-01
-2.884062724295607394e-01
-2.085594555391697691e-01
1.498986994433714748e-01
-1.588007385857092557e-01
-3.191119234749990041e-01
4.389835511418266334e-02
-2.473178502715683014e-01
1.373020142833079604e-01
-2.925108853223790106e-02
-1.566756069822781983e-01
3.087467225145101302e-01
2.398510397200198652e-02
-2.910742576418184901e-02
-7.494723796839775076e-02
1.514871417055153047e-01
-1.296285098193557250e-01
3.106550071189063122e-01
3.493785118580156057e-02
7.001202884207730071e-02
8.693708788814713539e-02
-1.937935592515960814e-01
3.073078937321199189e-01
-1.454471742531673606e-01
1.023454598933684623e-01
-1.055440429926561285e-01
-1.458938362457684601e-01
-3.505782093096621588e-01
1.484448609026167709e-02
1.705726059795071303e-01
5.085205489943384061e-02
-8.877982689945912442e-02
1.152336819422152270e-01
-2.701653493056993538e-02
1.994679198780859308e-01
6.131650143639599815e-02
1.337420684766638668e-01
1.340129145965433533e-01
3.682303195558714326e-01
3.520107428161400875e-02
-1.521300941698057463e-01
3.540335304513798076e-01
1.719110290167153443e-01
1.905342804651613542e-01
-2.696491135905908498e-01
3.073228683875380285e-01
2.773913939471133738e-01
-1.914597484746077827e-02
1.600187206679772323e-01
1.200814453415915972e-02
-1.625505005684045046e-01
-1.956759818565935449e-01
-1.525403207415632345e-01
-2.624708983797343076e-01
7.712746984936441619e-02
2.276578851141824456e-01
7.784864088882181843e-02
-2.443512957914077688e-01
-1.599968959205441410e-01
-1.032300506054483202e-01
1.944222960034068248e-01
2.502610183250686404e-02
3.345734382239155535e-01
-2.854357686229103130e-03
2.383570625594255143e-01
-2.476875479648318890e-01
-3.203786466808500877e-01
-6.566227535948404581e-02
6.319749853317846444e-02
-1.391493708025123288e-01
3.235628516934354049e-01
2.426980432973271928e-01
1.503298983103139030e-01
3.302552712524292056e-01
-2.096006507523995310e-01
1.918798378551438977e-01
3.048729421758227809e-01
3.190971040581514484e-01
-3.538439719624326685e-01
2.539014403443838330e-01
-3.065743419723002683e-01
-3.071989705245455893e-01
2.885715251141106052e-01
7.026951694550070959e-02
-3.328763899469619481e-01
2.256323322723241542e-03
3.395214154834391151e-01
3.398717761315064867e-01
-1.176622822571580795e-01
0.000000000000000000e+00
0.000000000000000000e+00
0.000000000000000000e+00
0.000000000000000000e+00
0.000000000000000000e+00
0.000000000000000000e+00
0.000000000000000000e+00
0.000000000000000000e+00
0.000000000000000000e+00
0.000000000000000000e+00
0.000000000000000000e+00
0.000000000000000000e+00
0.000000000000000000e+00
0.000000000000000000e+00
0.000000000000000000e+00
0.000000000000000000e+00
0.000000000000000000e+00
0.000000000000000000e+00
0.000000000000000000e+00
0.000000000000000000e+00
0.000000000000000000e+00
0.000000000000000000e+00
0.000000000000000000e+00
0.000000000000000000e+00
0.000000000000000000e+00
0.000000000000000000e+00
0.000000000000000000e+00
0.000000000000000000e+00
0.000000000000000000e+00
0.000000000000000000e+00
0.000000000000000000e+00
0.000000000000000000e+00
3.011043525741136651e-01
1.202134465265254915e-01
-1.258146411054128500e-01
-1.378329369340322297e-01
1.005915160511638429e-01
-1.330148955878144301e-01
-2.715695014200848467e-01
2.332419186936205979e-01
-2.420722687431409170e-02
-6.990971991806191332e-02
-1.143438232934201326e-01
2.084730526728726940e-01
-2.339616265801923167e-01
1.827788479757402884e-01
-2.966060785655263432e-01
-1.230764864938825309e-01
1.159255062154420646e-01
-1.489001692503648944e-01
2.116193768269206132e-01
-2.864263865542910903e-01
1.795428321040226649e-01
-1.003568803902072926e-01
2.672347229830007720e-02
3.401101834535541490e-02
2.225382974302774763e-01
6.673442991128814006e-02
2.126985007783936399e-01
-2.035928725194664501e-01
-1.343795010272919310e-01
-1.662196073953538800e-01
-2.456870720389453533e-01
2.930130558867800050e-01
-2.506345518972371567e-01
-1.035131807594831532e-01
1.908103363924407159e-01
2.878586550455596860e-01
-1.700130586256114185e-01
-7.288117921469147720e-02
-1.283853174340270631e-01
2.228815877289340164e-01
-3.015932753336007521e-01
-1.752133244681713109e-01
-6.728530077057276459e-02
-3.842962152979501056e-02
2.792901809313753092e-01
2.006374874938389730e-01
9.982807357760159483e-02
7.356735088055793570e-02
1.514383211344974001e-01
2.521069242996685777e-01
1.524756542648622593e-01
-5.899420095448071333e-02
-2.033867721571578913e-01
8.161761920054066977e-02
2.478496290416415393e-02
-4.270379755800746135e-03
9.333858889826091021e-02
-9.056980783249099498e-02
2.871734431140779420e-01
1.827466004512493525e-01
-1.785687724641284446e-01
1.726322155694776095e-02
1.383824923704000676e-01
1.377200498670228535e-01
7.537199309879616393e-02
-2.738016367093208947e-01
-1.925011806429915429e-01
1.500003374090706498e-01
-2.362440282047720275e-01
-1.870596067985866862e-01
-4.662662900882380557e-02
-1.860278127415934679e-01
-2.147251335258350824e-01
-1.781617377840153948e-01
-1.841520801812486507e-01
-2.386520983910792038e-01
-2.566454620775044382e-01
1.940948462641355898e-01
-1.489259880553787940e-01
-1.279031314459000701e-01
-1.910923712801877450e-01
1.738385273694093014e-02
1.401455569730619688e-02
2.036481069516457576e-01
2.764055892761458355e-01
-1.982802689915124650e-01
2.343563459224418111e-02
-1.508779789076882816e-01
1.483210066855319420e-01
9.719626643031609170e-02
6.838980324486887419e-02
-1.965033233371667742e-01
-2.119837027993716483e-01
5.060920735944579585e-02
-5.771689231040877388e-03
8.398942104951651055e-02
9.100960379052042137e-02
-1.255044316365034884e-01
7.337464508741514679e-02
1.344058854271953374e-01
-1.658143886063654093e-01
3.045210018673462637e-01
2.628474316563645385e-01
-9.005953258979329523e-02
1.163939234547703983e-01
2.580444828352601583e-02
-1.323656532046635359e-03
-3.829371500343625723e-03
-1.423940003826572320e-01
-1.582123663639216082e-01
2.993563751639355952e-01
6.299204515840073348e-02
6.628129416294803455e-02
-1.199725668636550946e-01
2.624656339016760431e-01
5.160564636634062952e-02
-1.279698772465296397e-01
9.502623483410388427e-02
-2.393836204433099635e-01
-2.056079479882208516e-01
2.623304634320562934e-01
1.826369887774759171e-02
1.211127840077751427e-01
2.847011703493765311e-01
-1.050881853324708848e-02
1.505591199969011917e-01
9.444968707977013933e-02
-8.301765130770466516e-02
2.492483163162880211e-01
2.169168603297160769e-01
1.227516181501865367e-01
2.812166366502453774e-01
8.112469119132026396e-02
-2.159978783311272132e-01
2.146424187217965684e-02
-2.778723142954504510e-01
-2.893050427549042625e-01
1.388224761184454481e-01
-1.489458422058740905e-01
1.780413847518937942e-01
6.306480336904995987e-02
-6.830414368092965760e-02
-3.505757952568105962e-02
-1.853272760306892697e-01
1.840351431747827005e-01
2.573996567319884465e-01
-7.481198831324475940e-04
-3.616570922018319534e-02
-2.968912929765570863e-01
2.734821162917053239e-01
2.765530945184439537e-01
-2.532375330510136524e-01
-1.563340254313223820e-01
-1.620223669452124371e-01
1.378404569310989758e-01
-1.750290765857644981e-01
6.473434938061722876e-02
1.240931446443578889e-01
4.288920252804451216e-02
-2.959362244691196575e-01
1.318779865801169571e-01
2.893824139485791647e-01
1.969324888178075050e-01
3.029159954191136817e-01
-1.170595389716671542e-01
5.338560286682392242e-02
-1.286302813292179992e-01
7.503592050776414224e-02
-1.068267042695862923e-01
2.513803155820727997e-01
2.753061666219883130e-01
2.936790550544891576e-01
5.783549741774529629e-03
2.565738852568572592e-01
1.598404369673706027e-02
-2.551787422394938276e-01
2.523087600284990017e-02
-2.304951072764482856e-02
2.477137654495131236e-01
-2.431176527733800996e-01
-2.125145763697445234e-01
-6.966938832230987200e-02
2.173191144797257945e-01
3.399615463031518958e-02
-1.870681202404567145e-01
-3.054239832909295682e-01
2.985749455632422111e-01
-4.372709270941405046e-02
-5.275075197431916552e-02
-1.395357783195433077e-01
-2.604803777098021467e-01
1.802646288660563201e-01
2.265454956660286068e-01
8.217417679041394418e-02
1.512943455161108730e-01
2.360741013029944990e-01
-4.199786326724130880e-02
-2.626951961356165932e-01
9.646200113049174796e-03
1.742990659646547202e-01
-1.224775852647321805e-01
-2.602264029275164758e-01
-1.940375820570281462e-01
3.366425547584367406e-02
-4.507831139839563184e-02
6.588669794075296959e-03
-4.579177505074499832e-02
1.326318162477248541e-01
-2.520538544831033012e-01
-2.618479723239002244e-01
-9.025402674446922346e-02
1.811581796895215812e-01
-2.159600686293999816e-01
-1.414959808418364551e-02
-2.044407143547755101e-02
-3.000954029165998072e-01
-1.066072711944038298e-02
-2.826739645214218499e-01
-1.107319633342164211e-01
4.922429582551196559e-02
-1.028211007091411333e-01
-2.548436716183095085e-01
2.189220908656281384e-01
-2.572725970912639881e-01
2.849349123525833360e-01
6.198396362375396818e-02
-1.185598419816262517e-01
8.755851445511941833e-03
-2.114483366861213964e-01
7.357549553239417506e-02
-2.734584226685993213e-01
-2.532117770927574396e-01
3.021408141048499973e-01
-1.229579950549052336e-01
2.964736706424138668e-01
-2.381701993176426058e-01
-2.069470091213935770e-01
2.284998833346485458e-03
2.966449485322731339e-01
-2.537472832057213745e-02
-2.844166953178757784e-01
-2.468796127550583752e-01
1.372859767035635170e-01
-8.353454991138248298e-02
-9.072885739713651421e-02
-2.382884237889193457e-01
1.479376032286357501e-01
-8.445169389715456720e-02
-1.308208095104676505e-01
-3.668500376474853608e-02
-2.871744769452042600e-01
8.233539591804273083e-02
-1.480497737016037985e-01
-3.751164798755279861e-02
-8.638927985114203123e-02
-1.485874165874752351e-01
-3.012931007601524769e-01
4.395840334809164585e-03
-2.283786638712146932e-01
1.481890571291785696e-01
1.636277140658537466e-01
-7.606677545717632771e-02
-3.319082718459231973e-02
-2.940545965749993829e-01
2.146651300653046324e-02
7.026399367162622367e-02
-1.666106826155039078e-01
-2.387548892606179973e-01
9.400112282570027844e-02
2.188573466065334983e-01
-2.844013761660314499e-01
2.115549275893109926e-01
-1.087117140105794966e-01
-2.267572101983386379e-01
-2.780574089598840115e-01
-6.812032459385788941e-02
-2.764659248303505401e-01
1.579516014623448261e-01
8.127912099007211788e-02
-1.803993231507328432e-01
2.603268220879828010e-01
2.896772989530474463e-01
-2.296182124983326134e-01
-1.964233157198111424e-01
-1.567592533962349488e-01
-2.724303554110293901e-01
-1.459606986917262039e-01
6.487539927527152805e-03
-2.710838680713623661e-01
-1.708072620013804666e-01
2.108663505944178840e-01
2.596004638812721699e-01
-3.929241248946158116e-02
-5.116086084426246794e-02
1.916443546572563217e-01
-2.140433508175809685e-01
2.101761735547212351e-01
1.939157184497696806e-01
-2.069561891368090489e-01
1.515741280943314062e-01
-1.947271690248766340e-01
1.800624517834907845e-01
2.986868836979659769e-01
2.974841396140714411e-01
-2.324835250135042219e-01
-1.603944043880983772e-02
-2.963404838356889504e-01
2.574168707020602076e-02
9.709052631628001251e-02
2.047540549542846144e-01
4.366107262039636838e-02
-2.555287807214243756e-01
-2.078552674652952570e-01
1.362948388509478415e-01
2.160430375777981360e-01
-8.455060920421419990e-02
2.154695174247571177e-01
2.318389507506325997e-01
1.687225768284255634e-01
1.913442160812181547e-01
1.838245275384258193e-01
-2.820824759161712492e-01
-1.968135577129370151e-01
1.656071180803670440e-01
-2.612651954173026980e-01
-1.191631604637118647e-01
-1.056191739542594876e-01
2.460775741923349469e-01
2.204037802758899711e-01
5.622227229506732149e-02
-1.474039855515870689e-01
4.949785683589219554e-02
2.581735672516492497e-01
-2.948607496054046484e-01
-2.807254602875662308e-01
2.080834850520407731e-02
-1.006354342570662808e-01
1.221198237745729775e-01
-1.326751592464342766e-01
-1.580163473156884768e-01
1.783119217565483083e-01
7.257794342964229983e-02
-1.753951664180001813e-01
2.102637252584965144e-01
2.739929500216208846e-01
9.110345550618514920e-03
-3.135891392618977980e-02
-1.304039125906075458e-01
-1.111237995937031930e-01
-2.178885505458107164e-01
2.000271973534492598e-01
2.075238694159524111e-01
1.144682666765555745e-01
-4.144641928129799702e-03
-5.892689565739467339e-02
1.229519582498014851e-01
2.480462316936222211e-01
4.361979957393097296e-02
7.074460323247411253e-02
2.244542922272866892e-01
1.937949009551803714e-01
2.563942550651837071e-01
-1.612925662031525764e-01
-2.745091909676150577e-02
-9.856411643774895537e-02
-2.820897046734560099e-01
-2.096487954121934727e-01
-2.740562776448894899e-01
-1.014466699046528975e-01
-1.542622941249094659e-01
-3.060371712624982421e-01
4.700480403821377662e-02
-1.895075164834053583e-01
-1.191876057044288784e-01
-1.974338255928950459e-01
-1.788509514539574075e-01
-1.915161893514447655e-01
5.358408083119436949e-02
-2.377520548906839060e-01
-3.061690170120329180e-02
-2.479512066113293001e-01
-2.421204973199503341e-01
2.438028045853264936e-01
1.979180583673057492e-01
-4.725308250520260378e-02
-1.424773252926014311e-01
-9.746513212276020077e-02
-1.824495724317528045e-01
4.103648197088893834e-02
-2.068611852176314436e-01
-1.877930185742859859e-02
-1.025781478362987886e-01
2.645280846737141922e-01
-5.489611249541426208e-02
9.428969137733411721e-02
-1.743944905197932216e-01
3.034860254576254301e-01
-2.323503397828726724e-01
7.609626935251351254e-02
2.070003816548883768e-01
7.561574710789165099e-02
-1.622612200407052840e-01
-1.571255711487277995e-01
2.933842671835492077e-01
-3.288899207389706092e-02
1.495801842253637326e-01
1.685018742861724705e-01
2.519136447991737193e-01
-1.279478415692295590e-01
-1.380269739307643240e-01
1.806951729458785572e-01
1.342162248783131395e-01
-2.776117359130667039e-01
-1.898747898222934438e-01
-2.676203156266510064e-01
-1.893388560518853014e-01
1.184254983106206582e-01
2.633043946734148766e-01
2.575588731123882869e-01
-5.534218806909257937e-02
4.680873352444159252e-03
1.390110328607902512e-01
-2.071650209147837818e-01
-2.655548364669247929e-01
-1.693860453785283049e-01
-2.902279926917537556e-01
9.421781572864867949e-02
-2.830100575920895256e-01
-1.687989251413939962e-01
1.898493007188385984e-01
-2.674521892976408632e-01
2.624927215547287473e-01
-1.937108491100033580e-01
7.580541184668276866e-03
-2.053873755753422015e-01
1.883928870400166100e-01
1.567814452834913608e-01
8.090836845500926078e-02
1.014983289579094450e-01
-5.379503308625471769e-02
-2.126020178272405858e-01
2.138488369342628759e-01
-1.962755902689595211e-01
1.663956959115969747e-02
-1.235736735792468677e-01
-2.973161846693642696e-01
-2.596318824477923948e-01
-2.412602209559640554e-01
-2.212640046280718309e-01
7.157804260635181048e-02
2.676075443767360063e-01
-4.231099864017878742e-02
2.468593082905302105e-01
1.535006030429190149e-01
1.494644008749071440e-01
-1.544337235623941540e-01
-2.480051365039431799e-01
-2.138739127107273930e-01
-2.819452448868516314e-01
-2.408494420726211560e-01
1.949334719398117532e-01
7.190784401880090382e-03
-2.249481879518229754e-01
3.910802275280511608e-03
2.849222612063484483e-02
-2.101262557556754507e-02
2.046786255242382668e-01
-2.193714854475541376e-01
-1.300271222214600952e-01
2.274261029015001156e-02
2.658110820038783739e-02
-1.282769449398867556e-01
-1.664801522928627542e-01
-1.892606044775851371e-01
-8.024337398800374110e-04
1.771183273582638273e-02
7.068857732870376109e-02
-1.914638219102160477e-01
-1.400047682610202626e-01
1.955738460708909554e-01
-1.275807643265597646e-01
-2.837666046056776525e-01
-2.850495553551180006e-02
-3.187945400016867215e-02
1.381145680299391554e-01
-1.781153857956851994e-02
1.028511622120024671e-01
6.039655707754570946e-02
1.273674902309275270e-01
-1.067626795718444044e-01
8.685220182326985894e-02
4.728347333401800023e-02
1.754598424322700856e-01
-1.222584052363748230e-01
4.010745032584439596e-02
-9.233366187033065220e-02
2.225658075488450849e-01
-2.914508005630730980e-01
-1.245507727087635796e-01
-2.735444091991606208e-01
-4.442199523949519335e-02
2.719311972908403097e-01
1.025609855029299688e-01
-2.355385637788099951e-01
-5.449280589246524586e-02
1.590260737965513704e-01
-2.097042414028067181e-01
-5.678340535018666646e-02
1.106602601972178634e-02
-2.054346181462790577e-01
8.534398259973885459e-02
1.465144475566611537e-01
2.139417687861076556e-01
-2.716712107904199480e-01
1.367421140913483435e-01
5.366792622403848689e-02
-5.631637203427078409e-02
-1.761326155657070291e-01
-7.506788395073316078e-02
-1.063717114481249615e-02
2.430510441614704420e-01
1.371230227143808156e-01
-4.398951810255008477e-02
2.672386079950709870e-01
-1.360784566971068033e-01
-2.495260311500689665e-01
9.383634870519735882e-02
2.403032724353794669e-01
-1.819939504068305292e-01
-8.028381187259642227e-02
1.151556244620096092e-01
-9.509282150105435871e-03
-1.276703812439057562e-01
-1.075958077509274191e-01
-3.839272897632783899e-02
2.230671590774691015e-02
-1.259816796336276912e-01
1.382276311272507274e-01
1.546699411958689097e-01
5.511631125424742983e-02
1.861730627746052691e-01
-1.391102500417999988e-01
1.941166952864509798e-01
1.694481349297835560e-01
-3.887682440517736815e-02
4.406495141188682130e-03
-2.434849738479658576e-01
-2.586523106998932509e-01
-2.418450754295997651e-01
-2.681191699817308538e-01
-1.412076432369250290e-01
1.327054330292542494e-01
-8.873746234879698047e-02
1.495750578946440368e-01
-3.507963040370187802e-02
-1.901124059470391814e-01
3.326126943713958450e-02
-6.874405053123774922e-02
-1.117683665282987182e-01
2.922515339203192730e-01
3.327679326668542270e-02
-2.948569968291012700e-01
-1.529573733021463711e-01
-2.101954087209985944e-01
2.859602503344044200e-02
-1.451764428172026000e-01
-3.391735053125150001e-02
1.506176869590886147e-02
8.496928893662308857e-02
2.058495753663437955e-01
-8.929949061038500169e-03
1.466158506944383877e-01
-1.694428860421315075e-01
-2.347621913210880817e-01
-1.630625664567184607e-01
3.319555152385278429e-02
2.454435149005984584e-02
-4.869102546702080980e-02
-9.379572942537925395e-02
2.007583438905941042e-02
2.026269054341711118e-01
2.861596667184834186e-01
3.054296710469102671e-01
8.522695400661250975e-03
-2.542224691464172182e-01
-1.761284148822639395e-02
1.612992276465836095e-01
-1.670087542300952022e-02
1.155851803788443544e-01
-5.266031490422468098e-02
1.235569733831174966e-01
-1.468545055014117695e-01
-2.746114448517395501e-01
-2.941587780245565331e-01
-1.174494821339387429e-01
-3.084531823896208280e-02
-3.001163087923377493e-01
-2.765340737041012686e-01
-6.338758083768461504e-02
-1.859969482423354248e-01
1.890779090878528246e-01
1.355913695452732881e-01
1.713180757826332501e-01
-6.560812936940163542e-03
1.240043836018864809e-01
-6.476461602130376138e-02
-5.336228654963681706e-02
-2.430250640229268400e-01
-2.327316414639916398e-01
2.244362655670207318e-01
2.568172474189189813e-02
-1.381532672069346601e-01
-2.634741435051870528e-01
3.407873017680362882e-02
1.816122306998153024e-01
1.151192512720099481e-01
-3.730945822692510738e-03
-5.078059687378377873e-02
1.097732112383688063e-01
6.276113329166821408e-02
-2.603788935506848312e-01
-2.904813592748642370e-01
2.771110202491688379e-01
-2.554177948976439905e-01
2.210536071453529927e-01
1.002717917954976112e-01
-2.749066032878667576e-01
-1.519359605539636060e-01
-2.518909922253452227e-01
2.604155982690006810e-01
-2.769235279634089664e-01
2.035024459108762396e-01
1.917476475479991671e-01
-1.041016381749436948e-01
-1.477365941459434784e-01
-1.667024208512357386e-01
-2.025345938312372585e-01
6.040692416406806542e-02
3.193447843198443659e-02
-1.299896291962419903e-01
-2.996595585893402358e-02
-2.394874562649584870e-01
-2.830803751944199198e-01
-1.131760650425471249e-01
7.350963946372529589e-02
-2.299344291197330525e-01
-1.085198968753085524e-01
1.996186853536168759e-01
1.446237011610709833e-01
-1.771181112950140912e-01
1.449264221089167082e-01
-4.625640935469355064e-03
2.716687223436981546e-01
-7.558522037734474730e-02
1.308535326727049419e-01
1.213148548581345909e-01
-1.304547499224066043e-01
-1.700386103087814238e-03
-2.491691587727151158e-01
2.597107177263502376e-02
-5.871621027655737901e-02
-1.903154317680791630e-01
2.225746470251839804e-01
-1.444862251507872397e-02
1.876587398961772069e-01
-2.801415820116609501e-02
-2.324633261407931806e-01
-2.826072129045342218e-01
-2.901830360087886973e-02
1.355595379265477352e-01
2.732560807957666316e-01
1.396469713789419420e-01
-2.314489941120231598e-01
-8.918557846211874751e-02
-8.983843923349699168e-02
-5.898664218852323060e-03
-2.691834850908113586e-01
2.075884029075343862e-01
9.714864007880241736e-03
2.315092420459889389e-01
-8.264211989128883440e-02
1.477939392434788335e-01
1.181984201914358379e-01
-3.782305195737895032e-02
-5.023099434376876449e-02
-2.051332753141394405e-01
7.354091524346240138e-03
7.452552864225309159e-02
-1.585400891239311660e-01
1.144912471568702017e-01
-1.112858195485710855e-01
-1.370015996341983622e-01
8.356585723539505794e-02
2.378482929600120310e-01
2.491553165951663762e-01
2.609066542879381889e-01
-1.301810494870488943e-01
8.418422425486055127e-02
-2.212014485248336437e-01
5.109407920773328948e-02
1.230154905760351136e-01
-7.982426808533846230e-02
1.425033411303345265e-01
8.261138763753850256e-02
-1.072369537654906668e-01
-1.364486151775207434e-01
-2.190811576380434500e-01
-1.621667504291657291e-02
-2.744390792069839602e-01
-1.320157715761979267e-01
1.497426415053926818e-01
2.670877576971426026e-01
2.826903871469699236e-02
9.481223163225160899e-02
3.562178913644387102e-02
7.785926519953645375e-02
1.688027620567855713e-01
-2.798544754975813564e-01
-9.809327250510918583e-02
-2.904234287404525161e-01
-1.619806429635125278e-01
8.321288871540405419e-02
2.914907166795993043e-01
1.106636296166418898e-02
-8.753177321754879170e-02
-4.965252564654915046e-02
2.545981598085434450e-01
-9.923740347168544251e-02
3.028525902170208783e-01
2.425097530421757575e-01
2.075534101979116808e-01
9.372344567626234024e-02
-5.599870598046269299e-02
-2.360760344455113402e-01
-2.098014756263347214e-01
2.181465889900108812e-01
1.561060314445689157e-02
-1.370887123156304954e-01
-2.063855872389432355e-01
-1.847012279592761264e-01
1.853055051167895595e-01
-1.901992844692658169e-01
-5.675101403811688705e-02
-1.385118006190011464e-01
1.043756228592259694e-01
9.311442673239694878e-02
-2.787646475361013065e-01
1.923856937290259750e-01
-1.072948339362961301e-02
-1.542188946591923349e-01
2.526199020538662521e-01
-4.320145658097068742e-02
-8.348194311518961075e-02
1.564326431186222610e-01
2.085200788007378070e-01
1.122643408022358513e-01
2.697911698007543491e-02
-1.120678969516664680e-01
-2.491729423021365186e-01
-2.560365451930737279e-01
1.132763593385455181e-02
5.212006767242238769e-02
2.755373107703084634e-01
-6.596254481146501814e-02
-3.036635177685598208e-01
-6.520331028988396449e-02
-2.945255943265829290e-01
-2.354492293545418780e-01
2.235747224166893532e-01
2.723226742075816609e-01
2.139975296278933681e-01
-1.977520688936668658e-01
3.765745469170422854e-02
3.027200852905413409e-01
1.948289331315208872e-01
-9.421511646366256820e-02
3.004796840685745596e-01
3.637784473081684400e-02
1.870523436823746666e-01
-2.307710220462400041e-01
-2.419525143472386897e-01
1.161728763428835909e-01
-2.329981965492675666e-01
-1.789784676761106696e-01
1.508303657703318201e-01
-3.040257853663154153e-01
1.799154755558790564e-02
2.833494374986204600e-01
1.809316141757028595e-01
5.852580207115198885e-02
-2.497881981922741579e-01
2.206322680090216370e-01
1.285360980563772237e-01
1.867819043421841685e-01
-1.857692703187047989e-01
2.761134715589416699e-01
-2.236756636720722002e-01
-4.340896808002647767e-03
3.962008910118813843e-02
-1.438458094725440506e-01
1.528847330761954892e-01
-9.845084616111493547e-02
6.043696147756510983e-02
2.283978565262461680e-01
2.778388330046138166e-01
-2.776825940583643182e-01
1.574807509413312379e-01
2.146489494749020954e-02
-6.990713005677287595e-02
2.410984041597520888e-01
-4.996344171362704367e-02
-1.105116587441582199e-01
4.663243412051853998e-02
-3.015724253136796151e-01
-2.349414838292203100e-01
-1.008441903077573476e-01
-1.351794625299558850e-01
-2.000124801574303390e-01
-6.753156765626278091e-02
3.569732403924491537e-02
2.098272623868635556e-03
-1.439655361140379508e-01
1.270546256048896150e-01
-1.379849630371482450e-02
1.668275718830548593e-01
1.522379230427662322e-01
2.272942991248897981e-01
2.007261633015595126e-01
2.833306081170203217e-01
-5.769694345541032110e-03
1.464634879556080960e-01
-3.176678977958125039e-02
2.980135920310466591e-01
-2.716066664471952219e-01
1.872806718351858746e-01
1.218699663223599683e-01
-2.240335060670161915e-01
2.197903883423624749e-01
1.598588468511797367e-01
-1.447089985965747116e-01
9.161250638639284460e-02
-3.851258081899483487e-02
-3.040741862640320425e-01
-2.274375257894261093e-01
-2.900977518790475163e-01
4.687325302334899302e-03
-1.938435913170968028e-01
-4.639386646895726773e-03
-2.685074566651936556e-01
2.513044345047241168e-01
1.535745846477528653e-01
-2.923729887172611397e-01
2.998530034243879205e-02
2.377743295272800039e-01
2.684495024996159107e-01
-2.338335772285177749e-01
-1.652641533952814434e-02
-1.360694602675955323e-01
1.112745831158593601e-01
-3.274327136396748550e-03
-1.568573463773027532e-01
-5.665395063376718610e-02
-5.534909678120086829e-02
-3.395669944867241163e-02
2.638750596774552259e-01
6.823520545848948959e-03
2.889533884483208026e-01
2.655674195056351716e-01
-1.029610701272560824e-01
-2.084145420056898734e-01
4.127627776259484849e-02
9.822748498100597470e-02
5.794703462221340029e-02
3.048862275408433242e-01
-7.286139837882527059e-02
-2.338911540638673181e-01
1.727582484110269934e-01
-2.808839283299922052e-01
-6.569151312142401666e-02
-2.882767478234888880e-01
-2.645327309603500154e-01
-1.449621660958418101e-01
2.386223730615150695e-01
-2.550498858625812604e-01
-3.079798559684998605e-02
1.173284458984772960e-01
-2.808842204351781335e-01
7.725746543219169649e-03
-1.691134118279074561e-01
-2.847008469106226403e-01
-1.716950134855669829e-01
-2.221981510754986178e-01
-2.399326875615085120e-01
2.579373609629451169e-01
1.247682929072214675e-01
-2.133059368411081014e-01
-2.336610136930006298e-01
2.398465598827020928e-02
-3.922030966939926699e-02
-7.872691162093034545e-02
2.946753924777004152e-01
1.306531962355577114e-01
-2.763831132874864371e-01
1.315007313098064401e-01
2.833377001212516455e-01
-2.815196393670605923e-01
3.580579002641859354e-03
1.273077363932405559e-01
1.288531904876880074e-01
-1.455675997421942147e-01
-4.750614162964311715e-02
-1.321091997700280796e-01
1.878135899985549639e-01
-1.652299772064731165e-01
8.761858502745994981e-02
-1.291233425994678941e-01
2.445543879163201706e-01
2.841648907300936555e-02
3.217627588696553298e-02
-2.320761234150741092e-01
2.283723437054307470e-01
1.018963228774370511e-01
1.041874590626051256e-01
-1.744388310176477330e-01
-7.209595155561054902e-02
1.077904572393043048e-01
7.200742527333137133e-02
1.485813650991228974e-01
1.057516522462607078e-01
5.949407127180439403e-02
3.607438416944414028e-02
-1.825090266095683034e-01
5.169240693504428830e-02
1.211807753016655997e-01
1.118233163068647062e-01
-2.289471028542344744e-02
-9.246926245993908333e-02
8.715503637238858348e-02
1.688396624344677965e-01
-2.589022218525428021e-01
1.480894105482620238e-01
-8.658037910426005790e-02
-2.624187906503732681e-01
-1.565468981423817352e-01
-2.527009222531689248e-01
3.832868221141666476e-02
-1.034622945691272000e-01
2.409778522489003927e-01
1.482169471583512088e-01
-2.416699684881027377e-01
1.749912488498007179e-01
-2.785514696781183352e-01
-2.522450026951926771e-01
-8.789897103271718248e-02
2.239539246305182751e-01
-2.237529807794665648e-01
-1.123228071364588410e-01
-2.982917651436673978e-01
-1.143621086212576188e-04
2.308612345021169854e-01
7.013252971629591048e-02
4.210557717034058012e-02
1.699258659801639038e-02
1.668686583822481251e-01
-2.684547948838065801e-01
1.562800790897112546e-01
1.420193665394401950e-01
-2.118410108341783893e-01
-1.483602388720817178e-02
8.791654346541477594e-02
-1.608051885938018843e-01
2.196146823853685759e-01
-2.065470588425938336e-01
5.947689231075453664e-02
9.091080705750831381e-02
5.484767772299781186e-02
-2.354465113539641608e-01
-2.453603691148958654e-01
1.843186115334555231e-01
7.833902454188407249e-02
-7.775803885295826112e-02
-2.354262602643840130e-01
4.800326292347922852e-02
2.018259009528407533e-01
-6.228735626891593324e-02
1.859623216036561666e-01
2.125538141455237118e-01
2.708211267280982715e-01
1.733030754286011277e-01
-8.222701774203264313e-02
5.758022365339887649e-02
2.019092360775516792e-01
-2.549706053747191614e-01
6.519729691944320393e-02
7.726735814511503930e-02
2.326026665119446668e-01
1.970079389135802050e-01
7.357101689332939953e-02
1.762146876127091422e-01
1.837176616164983844e-01
1.008730320702071470e-01
1.520462286296513366e-01
-4.175073240367477290e-02
6.414045827758180218e-02
-7.845663960756094069e-02
-1.590426819569780992e-01
9.204641143180369856e-02
-2.933388118266638811e-01
1.792311577837653602e-01
6.696647454645249242e-02
1.912048024652945322e-01
1.759274896883101236e-01
-5.705664963231321662e-02
-9.078913160719695452e-02
-4.091378881716523086e-02
2.878474703327048023e-01
-2.652604260131156133e-01
-2.395741100239951737e-01
3.651674114685776740e-02
1.325838132251178081e-02
-2.740736468925364377e-02
-8.286607294247794187e-03
2.603378605849593908e-01
1.604395097185208341e-01
0.000000000000000000e+00
0.000000000000000000e+00
0.000000000000000000e+00
0.000000000000000000e+00
0.000000000000000000e+00
0.000000000000000000e+00
0.000000000000000000e+00
0.000000000000000000e+00
0.000000000000000000e+00
0.000000000000000000e+00
0.000000000000000000e+00
0.000000000000000000e+00
0.000000000000000000e+00
0.000000000000000000e+00
0.000000000000000000e+00
0.000000000000000000e+00
0.000000000000000000e+00
0.000000000000000000e+00
0.000000000000000000e+00
0.000000000000000000e+00
0.000000000000000000e+00
0.000000000000000000e+00
0.000000000000000000e+00
0.000000000000000000e+00
0.000000000000000000e+00
0.000000000000000000e+00
0.000000000000000000e+00
0.000000000000000000e+00
0.000000000000000000e+00
0.000000000000000000e+00
0.000000000000000000e+00
0.000000000000000000e+00
-8.241872454847060103e-02
-3.559769969907638498e-01
3.758769633612547567e-01
-1.203086264304579212e-01
3.388831588020818630e-02
-2.568248644716573659e-01
8.505621304118293757e-02
1.459711784530725032e-01
-1.437219219151984473e-01
-3.041500020175348373e-01
1.880476182288066678e-01
-2.936714332205467293e-01
3.309464805338069304e-01
8.227533648419671497e-02
-2.767009126596070567e-02
2.399565728432705436e-01
1.923037742765421054e-03
-2.013036121868574391e-01
-1.364631001759297191e-01
-4.326155685242893956e-02
-2.017016446086334069e-01
1.983009967134092832e-01
4.759648737209798419e-03
-9.445185828411761797e-02
-2.885542068505908553e-02
-1.203704795460394661e-01
1.439285644058302394e-02
-3.857043258862863366e-01
-1.586772633920991438e-01
4.108766986522388587e-02
1.142945618958293164e-01
-2.729579725672101054e-01
8.306495877412833906e-03
-3.062169092650902646e-01
1.842774643686625469e-01
-3.612613455503888016e-01
2.251435214510192351e-01
-9.377327553099101820e-02
3.368113353734859539e-01
-7.764536018007694995e-02
-3.508584156564714673e-01
3.792457004527430842e-01
-5.993064702303768643e-02
-3.827716683405071318e-01
3.228494410011056859e-01
-7.060486415995381737e-02
2.890774723462228302e-01
3.209627703483233230e-01
1.924178784813218579e-02
2.914203481199371115e-01
-1.207283523463370534e-01
1.955633848340223579e-01
2.494500679826429090e-01
-5.674102326389629525e-02
9.606687520537304792e-02
-1.689278355265456111e-01
1.901171690550356175e-01
-9.447968103786497096e-02
3.227851293538419597e-02
-2.671077861478786675e-01
-1.111080341985073994e-01
-1.756173554389964253e-01
4.194806823611113566e-02
-7.176640570053205437e-02
0.000000000000000000e+00
0.000000000000000000e+00
