2.897392162682850270e-01
3.651695519414885349e-01
3.228643676836041032e-01
2.657204515775353770e-01
1.243118935577362666e-01
3.878229037405711566e-01
-2.487745568346277636e-01
-1.472498961942918239e-01
-3.172427487401790480e-01
5.172198763727688942e-01
-2.829666513005849038e-01
-4.541015907359847170e-01
-1.258838611241746286e-01
-3.875219448920049770e-01
-3.443683849983672496e-01
-2.973560580100699791e-01
-2.584000928823544929e-01
-1.826404501056610730e-01
3.179502347330448453e-01
-7.689286101464370971e-01
-4.410203552900522350e-01
-9.810363252922500721e-02
-5.929075206200654646e-01
3.697061907675320419e-02
-1.450402837294009206e-01
-1.998213574447916530e-01
-1.151049361342013494e-01
7.746339081564130868e-01
3.098711840045826893e-01
5.864365781464128125e-01
1.686854524716273340e-01
-2.354242057432990864e-01
3.750882867848185920e-01
2.577549281840862960e-01
-7.741364776249538317e-03
5.017205947056100346e-01
-3.636888756322741445e-01
2.658227741993188786e-01
1.088667602931973379e-02
1.345781625990940256e-01
-3.330543011286928312e-01
2.948699311783417598e-01
4.104908639728231667e-02
4.046951125124051973e-01
2.586285529560948260e-01
4.082326181864134873e-01
1.291480731253505099e-01
2.127624691119143485e-01
-8.764871488205516759e-01
7.585758265067830131e-01
1.230645870821467591e+00
-8.106620979475817057e-01
-1.030993552807176084e+00
7.179503522563043250e-01
-1.195098777717232608e+00
-1.370036549059715281e+00
-1.197078790117633407e+00
7.600767122546838728e-01
-9.175169801252495150e-01
4.527266330847781739e-01
1.368691924610710764e+00
4.652404432231776465e-01
6.018103211456844459e-01
5.049728152006017767e-01
-5.252697537859530863e-01
4.038347426360330283e-01
3.740385602028719059e-01
-6.372600410599683907e-02
-6.220539388818242532e-01
5.039425358451794512e-01
-3.124950485396003619e-01
-6.218571911584552803e-01
-8.385793860706240999e-01
6.226951626461257883e-01
-7.320174404935249068e-01
8.633467549977656974e-01
5.766143934354550638e-01
3.192482068722694022e-01
7.243958160926455836e-02
-1.601618808977071096e-01
-7.297191789041899967e-02
-6.708412320732996120e-03
1.973197840725498531e-01
-6.489816929233608277e-03
-5.926248780547364176e-02
-1.265852047803459057e-02
-1.174944105733015665e-01
-8.234421346145513743e-02
5.139355629590782598e-02
-1.896769543193340193e-02
-1.159915083468758407e-01
-7.351723468752474622e-02
-3.102919397066696006e-02
-1.438549087823745229e-02
-2.630673497287503992e-01
-4.972410142048585419e-02
-5.592174876768897240e-01
4.626845994772730286e-01
4.455412478127602216e-01
-1.711004283710685081e-01
-1.985758359323876177e-01
2.499502764759406748e-01
-3.488975462424814267e-01
-7.776803635750069166e-01
-9.732117573479229788e-01
7.006721901588496282e-01
-4.183860723595849707e-01
7.562493218437535969e-01
1.033301074979503076e+00
4.049556494589379163e-01
3.346121178348634290e-02
8.276707693205333227e-02
2.442193205107380354e-03
