9.772529020685460921e-02
-1.796081515659736505e-01
-6.407645227194835869e-03
-1.113806409203305092e-02
2.022889793253218049e-01
-3.653732478033924203e-01
-2.614408965423404840e-01
-2.498696624740468497e-01
3.608118751301557237e-01
1.595915964845059931e-01
5.649321959566877549e-02
-3.859286865596815996e-01
-3.447888196274786488e-01
2.617715259324496224e-01
-1.756262730837613306e-01
7.476537722358533866e-02
-1.060961291609951451e-01
8.205119293807389136e-02
-1.025476968098171238e-01
3.012159546733488846e-01
3.271933625717539651e-01
1.904066606488047375e-02
-7.872115682598485042e-02
2.233762413949030856e-02
-1.790580090414261860e-01
-3.473524703427535720e-01
-1.432209079531890916e-01
5.060588559795198282e-02
-5.726728807231412643e-02
3.376762044618064618e-03
4.831473903603078490e-02
-2.787644280642186390e-01
-1.917047486983858295e-01
7.760615618062671750e-02
9.948753636346557849e-02
-3.301719187222513785e-01
9.995602300890144010e-02
-2.270826213578013009e-01
-5.935429378264217570e-02
-1.932879007805202720e-01
3.223876671806060190e-01
5.254016278967099662e-02
-7.650773538547489538e-02
-2.184037898495441443e-01
1.078160759262057899e-01
-2.156221511594602624e-01
-3.457046197703821377e-01
-2.566959097346366847e-01
-1.671847878572361445e-01
2.313961083004978936e-01
3.727151622966594080e-01
2.571677349604014062e-01
2.401158848599344586e-01
-3.016807906260087768e-01
3.027288626100368973e-01
-8.019643312731178364e-02
1.189587221584058052e-01
5.362543861826585267e-02
-2.356971346007578627e-01
1.054525652171968142e-01
-3.771084660339996675e-01
-1.782539968077428982e-02
3.092552809190295959e-01
1.450772011689853147e-01
2.248371243698726873e-02
-3.554421286362033916e-01
3.216223178675864380e-02
1.340355682639917112e-01
2.309031738507532627e-01
3.776758512174061555e-01
-2.250758823837772926e-02
-2.377421224905356401e-01
2.910245792910658991e-01
1.214930884528782618e-01
-3.651099293707714133e-01
-6.325968525488373517e-02
4.268988287654207348e-03
-2.950306935838042932e-01
-3.811984241120651151e-01
-1.771477585528558052e-02
3.269019596593855659e-01
3.288190985996332638e-01
1.925580880580223808e-01
-3.463224695918236673e-01
-2.293221395630843373e-01
2.667380338215797342e-01
2.823326614503421372e-01
3.231922210231532033e-01
2.327663710936854202e-01
-2.839167082569737377e-01
1.142872304464424560e-01
1.653607281221127212e-01
-1.624425980276983372e-02
-1.417116267714615685e-01
-1.570162036402386330e-01
6.398092028617774485e-02
-2.909945619922349458e-02
-6.069504253827728846e-02
3.435276900618753904e-01
-3.165111180416087522e-01
7.616816307846918654e-02
2.647824935215805087e-01
-2.660521423320123535e-01
3.783392546611633045e-01
9.481220096548603760e-02
-9.052866120581226639e-02
3.163076826265824315e-01
3.684035033779458623e-01
-6.557455490757968519e-02
-2.035400137477046678e-01
-3.158207425442787764e-01
-3.591398377028949263e-01
6.446905918926171264e-02
-2.288733855667878236e-01
2.993306200339430068e-01
-1.570069484007210470e-01
3.363877265647839399e-01
2.906183596751294451e-01
2.315462179574563906e-01
9.429930551914272874e-02
2.114648816548425070e-01
2.526791992690970434e-01
-2.625558720729121998e-01
-7.422411039894633022e-02
-3.107026095232203744e-01
2.022006413170735484e-01
2.989084099079802326e-01
-2.307482339844498520e-01
-1.077368715117524300e-01
5.333314529374855173e-02
3.091481795786463205e-01
-3.699052834077265484e-02
-3.512580919707817273e-01
-3.285782042871256969e-01
1.874096083757371134e-01
-1.390548751017015305e-01
-2.820794870085953643e-01
2.394834187578685492e-01
2.596252474814299549e-01
-4.563450143648378754e-02
2.075555081263215640e-01
-2.956016032494614976e-01
-2.850954513154643211e-01
3.551459188202594208e-01
2.650231432610609672e-01
-4.020826254889642293e-04
-1.963364946215332973e-01
-5.432914910241065654e-02
1.967582118516330580e-01
-4.251728969727752716e-02
2.528491024350454919e-01
-2.108578139864484557e-01
2.916605632013459792e-01
-2.028984122448018179e-01
-2.653935203637041718e-01
-2.593022919665266546e-01
-3.429249558060104563e-02
1.428051269621418151e-01
3.001455221565130782e-01
2.810844094048071118e-01
2.990247343601761254e-01
-1.643798755029308722e-01
1.459829888425828170e-01
-3.397567081079254647e-01
-8.704544725777252356e-02
1.316239996505237930e-01
-3.735408930581720077e-01
-1.710184530544239523e-01
-2.422618440650028404e-01
-2.652331547567055026e-01
-1.213362561566327935e-01
-6.719933673116940120e-02
-9.098090179462425819e-02
3.816880495302212295e-01
3.512927889672834425e-03
-2.451433717555178693e-01
2.930418327380543420e-01
-2.650696048762442580e-01
2.458913730843939605e-01
-1.882996950146305914e-01
-2.267440817522186347e-01
-6.494219417476881917e-02
-7.300758293998743653e-02
1.204592492801059844e-02
2.318230704898957550e-01
1.534420540194856852e-01
-2.126627096148082374e-01
-7.601348980452315995e-02
-4.988690215478963630e-02
-2.036506830797024103e-01
1.237895549727502931e-01
-2.206239627723918240e-01
-2.149874589022756355e-01
-7.279163306482200335e-02
3.197376473831242683e-02
1.312521377670545220e-01
-9.350874748354737198e-02
-1.372111707012619308e-01
-8.043024450435265482e-02
-1.342359393110634236e-01
-2.220164514516593524e-01
-3.783193673174707894e-01
-1.687157045823343970e-01
1.554981393140229540e-01
6.644576191283507738e-02
9.430481563760784169e-02
-1.576623186543531230e-01
-3.535881975336704897e-01
2.287858873097232126e-01
2.564443359854902682e-01
3.123074545172070393e-01
9.307646659444107629e-02
-2.945283316603044543e-01
1.976399381300708580e-02
-2.143312514601215524e-01
-4.650350349036169728e-02
-8.701700632847741979e-02
-9.471257885158052003e-02
1.536460665498973754e-01
-2.884066208770739159e-01
-2.353678458513135674e-01
-1.722924292172871574e-01
3.418522521910550283e-01
2.409661567663691772e-01
-2.879823799852704314e-01
1.102620022137218436e-02
-3.720866795483849798e-01
3.695944886130678175e-01
1.881543811799382682e-01
-9.095865308565070917e-02
1.607820402789115755e-01
3.134657951471329640e-01
3.784480259941225277e-02
-3.541005892193823668e-01
3.052639189330031422e-01
-1.069258578716374974e-01
-2.758895186010072997e-01
1.171427945280590355e-01
8.853209036840109514e-02
-2.122227401487697951e-01
-7.119946344428185192e-02
1.549288115984768788e-01
-2.742864619433990070e-01
2.051125893143848633e-01
-1.258859646201369031e-01
1.019322381775566444e-01
2.020972755865569348e-01
-3.864021700516903635e-01
3.276430879810817154e-01
-1.732500820413466203e-01
-3.217659736353869482e-01
-3.672498725446647905e-01
3.135084217815796159e-01
-2.612369387642448082e-01
-5.604827119589594897e-03
-1.615491788786070082e-01
0.000000000000000000e+00
0.000000000000000000e+00
0.000000000000000000e+00
0.000000000000000000e+00
0.000000000000000000e+00
0.000000000000000000e+00
0.000000000000000000e+00
0.000000000000000000e+00
0.000000000000000000e+00
0.000000000000000000e+00
0.000000000000000000e+00
0.000000000000000000e+00
0.000000000000000000e+00
0.000000000000000000e+00
0.000000000000000000e+00
0.000000000000000000e+00
0.000000000000000000e+00
0.000000000000000000e+00
0.000000000000000000e+00
0.000000000000000000e+00
0.000000000000000000e+00
0.000000000000000000e+00
0.000000000000000000e+00
0.000000000000000000e+00
0.000000000000000000e+00
0.000000000000000000e+00
0.000000000000000000e+00
0.000000000000000000e+00
0.000000000000000000e+00
0.000000000000000000e+00
0.000000000000000000e+00
0.000000000000000000e+00
1.060890573226620504e-01
2.289771941286763979e-01
3.380159248626141144e-02
-7.512027823573586005e-02
2.551520267721996693e-01
-2.975956371622318075e-01
1.565494280222238799e-01
3.046755402614592101e-01
1.136258072173482736e-01
-1.703233289740272161e-01
8.043027812163139334e-02
-9.839923430955299644e-03
5.565941747071873058e-02
1.497184699350009307e-01
-2.924074157132570684e-01
2.837612614806721001e-01
-1.082627229641835997e-02
-2.956602029526752551e-01
1.319610957333802737e-01
-5.774590576461532954e-02
9.472350215717967314e-02
-1.162440803058076289e-01
3.060336207641511375e-01
-7.061133332769944926e-02
2.004661078051879763e-01
2.849773308323272913e-01
3.061715953101501464e-02
4.556936069213884943e-02
-2.849253894257494091e-01
3.044459325073687883e-01
9.661145952583138907e-02
-2.604636314996428004e-02
-1.593000400444442854e-01
-1.191369003346336997e-01
-1.478184811086855344e-01
-1.179566181197095609e-01
7.724224122920875235e-02
1.984466418018058786e-01
2.695110288403885224e-01
2.959785140640568968e-01
-9.280228135132578826e-02
1.209310952059091115e-01
1.605187763146522228e-01
-1.813306840642317508e-01
-1.621124993775770462e-01
1.939101974308668486e-01
-1.090482632014040387e-01
-7.144412785244746988e-02
-2.579764456297267694e-02
1.272508068209189380e-01
1.541699980717762819e-01
-1.312132832315028863e-01
-2.809206404164442672e-01
-1.397935758491453129e-02
8.683359618665914548e-02
2.174101089606710890e-01
2.449638323824269714e-01
-1.527255823178438887e-01
1.343917620143630920e-03
-2.718111743881588827e-01
-2.508548536661431849e-01
1.781482331191162616e-01
1.561555059232167531e-01
8.600131234486729781e-02
3.828557507326257880e-02
-1.329078329347601894e-01
-2.839976598518785811e-01
-1.855068499189760356e-02
1.067759930757659625e-01
8.365654505815312003e-02
1.704626833667274299e-01
1.721994306453706325e-01
8.051684788469365417e-02
2.144990986375824860e-01
-1.852656274078601228e-01
-1.369343823876492394e-01
-1.294272236578091484e-01
-7.893915966690989716e-02
-1.508828329207555219e-01
-3.372172496935371688e-02
1.718800989343394203e-01
9.562914758836188467e-02
9.221523904949791017e-03
-1.805011189245154801e-01
-1.079621941372665983e-02
2.048836972152441871e-01
-2.223892315426558297e-01
-1.980740161050529580e-01
2.011199384161824200e-01
-4.111810668932563972e-02
1.341756842054662169e-01
1.395807717255275748e-01
2.123211589041880676e-01
1.792611901855861722e-01
-2.881175938365743150e-01
2.574765684814593336e-01
1.458562627893538188e-01
1.019498299702901178e-01
-1.015273107966664090e-01
3.012042759034606054e-01
-2.683659329001018001e-01
-1.374740227288394900e-01
1.474546690157986228e-01
2.420056124698510280e-01
1.625088998359925374e-01
1.558667957342573240e-01
2.605824444783608196e-01
2.872817152376682670e-01
-2.888994775884919375e-01
-2.780825772376962490e-01
-1.095365143529148655e-01
-1.763221831115215077e-01
-1.825479864565947574e-01
-1.506124217736656001e-01
-2.342578137051959386e-02
-2.273784055176772401e-01
-1.669898307386961378e-01
2.428321716854660584e-01
-1.062859298548823328e-01
7.018390823172893089e-02
1.601503392873547260e-01
-5.619516902924548418e-02
2.027156083373065631e-01
-1.856426427512277155e-01
1.928246784463708008e-01
-4.147227849948348366e-02
1.814546639191926269e-01
-2.189010143365771599e-01
-2.782286155272758466e-01
8.602888671997016568e-02
-1.984542893736231384e-01
3.759218617474019419e-02
-1.629377073704846302e-01
-4.250676338025161094e-02
-2.934142534156290449e-01
-7.954446189328920336e-02
9.429495794174730383e-02
-2.653532582624751335e-01
2.475889412513757049e-01
-6.918552354640133961e-02
1.976713762635141092e-01
-2.191743522350185769e-01
-2.553755349817483644e-01
-2.707456749597511036e-01
-2.598546317307852127e-01
-1.463963509932214579e-02
1.740502340904849232e-01
-3.978361395021273728e-02
5.345343934825735888e-02
-2.473937903324078258e-01
-9.752189893311169477e-02
-8.968486095335709285e-02
2.584159879210534139e-01
1.725699482211323077e-01
-2.304655591615021870e-01
-2.272433429509445324e-01
1.177250636877444356e-01
-2.377800157570098549e-01
1.690307755788733601e-02
2.021223243846151374e-01
1.290663718248556413e-01
3.051831987083469810e-02
3.038274577195521076e-02
-3.722281805087840345e-02
7.641768393837083950e-02
7.545876939571760644e-03
5.190932776874740417e-02
1.892599143211564083e-01
1.983941525120681004e-01
1.654292255237731490e-01
-1.813358411640875190e-02
-2.165731995665403087e-01
-1.129248030410605896e-01
1.168404514443368569e-01
-1.492857941476686545e-01
-7.623790397600943569e-02
-2.074892185182167781e-01
5.143353864043842538e-02
1.517354805148246055e-01
-1.663004362260825097e-01
3.827575565492818965e-02
1.526296974853794675e-01
-1.552513881687002939e-01
2.221294781250737205e-01
1.508299051440339378e-01
1.591464165952846121e-01
2.292803341278814577e-01
2.079051431413728168e-01
1.061162770085751217e-01
1.162302435388902766e-01
2.249727292549328905e-01
2.696229158095285183e-01
1.223601180262057775e-01
4.637728096640419961e-02
-8.664477595020728118e-02
2.081471759886544537e-01
-2.786560445815199905e-01
-8.208634011856616453e-02
-1.185811324765159713e-01
-7.829530129311151887e-02
-1.665396118648439505e-01
2.411051307380934761e-02
9.677951858895050830e-02
-1.502634866597641061e-01
4.970065653007205153e-02
1.229700229648001963e-01
2.269595701340860194e-01
-1.764137988567297533e-01
-1.310435371163160279e-01
-2.805468347642256499e-01
-8.134983381772345479e-02
-1.114165532879121956e-01
1.128311744492057067e-01
1.842455879968229460e-01
2.189699510142835703e-01
-1.049411284354157814e-01
-2.953400323490710244e-01
1.547542665474520573e-01
-1.315073101988765425e-01
2.471322649643444280e-01
-9.857997534042367560e-02
1.585033312195293642e-01
-1.420384717505122907e-01
-2.566356670967914200e-01
-3.797741032327717203e-02
1.233073990917242790e-01
7.435169422842502485e-04
1.787334745040154993e-01
-3.856211993062363952e-02
2.551737358164542502e-01
5.855067107202122090e-02
-8.524318507178094140e-02
-5.843496325809624525e-02
-2.386764414064918016e-02
1.672618757302153369e-01
5.188075296147498516e-02
-1.249365468161162951e-01
-4.344865969535388617e-02
1.354361839138674140e-01
1.706715278052002849e-01
-1.936699935112920490e-01
-2.871887566080744136e-02
-1.663496830612304356e-02
-4.014147328012973581e-03
-2.039016521010260097e-01
-5.950909452920327691e-02
1.411278939494166051e-01
-8.294389341842683949e-02
2.904156896768878560e-01
-2.009287007475907272e-02
-2.070210869917194496e-01
2.378498523055087577e-01
-2.216510346634844586e-01
-2.746985437226007742e-01
-2.140144971919736849e-01
-1.477510797287824862e-01
-2.105561792776620700e-01
2.959619273158017871e-01
-2.211862925200046570e-01
-1.959867253317527647e-01
-7.505762839634869121e-02
-9.570656564026047697e-02
5.557135210536873204e-02
2.857281125762331508e-01
1.803202361206238669e-01
1.476104765112009054e-01
-2.703638656589354983e-01
7.998395194736829250e-03
-2.027045500476956641e-01
2.795676113987106137e-01
2.768254903853469284e-01
-2.099749622396229753e-04
2.780343159154757826e-02
3.769776479201081276e-02
1.251797587901031239e-01
-5.967597040139893672e-02
-2.487957883697711203e-01
2.059386519420143835e-01
1.387466178666478256e-01
1.091085245074448484e-01
2.795621868569479473e-01
-2.268897183257473360e-01
1.016012006403421708e-01
-2.362376068448004962e-01
2.150129936268685427e-02
1.414857791350782046e-01
2.671785704389426086e-01
8.447842640392833058e-02
-1.368692725414621947e-02
-1.168046356522425555e-01
-1.041908644687445651e-01
-1.848730491030234069e-01
7.141328110168709831e-02
-1.000134424532845567e-01
7.557724630413981126e-02
1.604796416741532950e-01
-2.659024838254928635e-01
1.725342004489704983e-01
-2.221625468932803271e-01
-3.138438934841308869e-02
1.636739895614089946e-01
-4.241435767947709934e-02
7.631982854398222660e-02
2.821990824115309660e-01
-2.018084243958160051e-01
1.310524245716049307e-02
-2.923178742017174536e-01
8.549757449697448219e-02
1.085123465976846058e-01
-1.818127318301133166e-01
-2.340158137486852419e-01
-2.401977328772127995e-01
-1.566070752668229094e-01
-6.519563862105925978e-02
1.847623223622963939e-01
1.646837134417992732e-01
-2.885769926358520143e-01
-2.256071307931317715e-03
-1.843697793002813945e-01
2.487154952743151903e-01
-2.790023365396487876e-01
4.077826595102029827e-02
1.834784203678190284e-01
1.487831552158092041e-02
-2.305236785545557443e-01
2.452850859869801226e-01
5.751107169093383487e-02
-8.711999123926988942e-02
-8.583230032777797169e-02
-1.066448320478209921e-01
-8.897683708420497939e-02
-1.642823347080216712e-01
1.744388224470760362e-01
2.481734711983489272e-01
1.365510195350027045e-01
2.303041480058011792e-01
6.367706389809840717e-02
2.842238004237673255e-01
-5.297570874322027334e-02
-2.977137152804486542e-01
-2.491036120108591767e-03
1.398682343721526222e-01
2.085934213796822312e-01
-1.750709626776758843e-01
4.447863442189836647e-02
-6.158271535713255584e-02
-9.794451379733506990e-02
5.594383262065732998e-02
4.847938947987184832e-02
-2.734868326865951271e-01
2.280870104485188676e-03
1.798531407453104469e-01
-6.219541053919591667e-02
-5.400102324092864725e-02
-2.206970844522471442e-01
4.797955300546458135e-02
-2.133211318894497888e-01
2.473445003979339307e-01
6.646037967147078174e-03
1.562352705372327955e-01
2.999941274117086665e-01
-2.073261474149995509e-01
1.798697536159515331e-01
-2.485265398498889278e-01
-8.158283437592428466e-02
9.095099396751310517e-02
-2.121964085351174811e-01
-1.424412558116662508e-01
1.394805313299590233e-01
6.536703088594458810e-02
-1.809713365709140209e-01
-6.617164627400706767e-02
2.301342851405861478e-01
-7.694882904157196446e-02
2.927725649690751664e-01
-1.891945643258687859e-01
1.728922040596625465e-01
3.627553971760755225e-02
2.111399179582422181e-01
-1.816762125317950005e-02
1.519138140133642345e-01
7.939047989904562952e-02
1.797039729673461372e-01
-9.718347372299421250e-02
1.701918100654460919e-01
2.026283862953150439e-01
2.591289126955366728e-01
-2.446562324416234613e-01
9.566111599370241692e-02
2.180736914598354059e-01
2.153142074613368373e-01
1.124164257559346347e-01
2.499554971785460933e-01
7.277617404272551660e-02
2.409026252327661766e-02
2.958926774833349760e-01
2.120011567898566485e-02
-6.997128549462802716e-02
2.081864007723782106e-01
2.060423412023117407e-01
1.065279427802376389e-01
-1.728138918947125513e-01
-1.001604046713596152e-01
-9.247455451766628531e-02
-1.619790504251635566e-01
-2.928869653984882415e-01
2.715970551214184625e-01
1.425440333419680794e-03
1.367539162948034903e-01
-2.693496810710669376e-01
6.948924521571941959e-02
1.467899625245583373e-01
8.454681979442757456e-02
1.552573764641393961e-01
-2.293504467415333203e-01
-3.725724201252533785e-02
-2.910732676635113814e-02
-3.364344833651222721e-03
-1.387928909037546565e-01
1.740113426567202470e-01
-1.841315148453047668e-01
2.603866882306513086e-01
-2.135877198046254866e-01
-2.452699718352134850e-01
-2.320247734232152859e-01
2.324008767049991486e-01
1.229212711909735134e-01
2.855040659813111170e-01
-2.577881238094754113e-01
-7.109622568782225649e-03
-2.055900420768022596e-01
1.045243801847378085e-01
-1.521489367784805147e-01
1.035476161143711882e-01
8.248512757170745058e-02
-8.414696345303795955e-02
1.085654667838195642e-01
-8.033305508632673786e-02
-1.729432416944494122e-01
2.570442309768276590e-01
-1.446124758020410628e-01
-2.882776492471553209e-01
4.739997042668259164e-02
5.998587899609553187e-03
2.752583439103882257e-01
-6.880493293940911914e-02
2.694128065059057664e-01
-1.999657557268968433e-01
-2.770357219224530709e-01
-2.666216156126798298e-01
2.879955920366896183e-01
9.946040907059144898e-02
8.953206694547222178e-02
-1.233325697180317482e-01
3.349919687198116280e-02
-2.741432191034500199e-01
-2.761134939092514395e-01
1.251407495795119340e-01
-2.005830209302052192e-01
-2.485754436636213593e-01
-6.719334991648684419e-02
-8.655743842225610551e-02
2.797355351900353004e-01
-5.540404937846010736e-02
2.024029109342789234e-01
-5.441660949776111478e-02
6.733082672827517268e-02
7.713126894000055245e-02
2.104134626047287626e-01
-2.347958932305468649e-01
1.908337956954136994e-02
3.059213941268359993e-01
1.913317672846178152e-01
-2.943873879464803389e-02
-1.011136799911532269e-01
-1.096573891994875871e-01
-2.678527981727578111e-01
7.137718779413471104e-02
-6.182906885821071175e-02
1.290500358368735778e-01
1.147084900995571366e-01
2.191730522324225605e-02
-2.551864185350247727e-01
-2.685495755161515508e-02
1.596036241608092543e-01
1.523738327440463669e-01
-2.051815241867092077e-01
6.524882222798478182e-02
1.768485140221163210e-01
-2.143593500700506360e-01
2.208384221063025010e-01
-6.851663843143013244e-02
7.131475080398408384e-02
2.343605086342293586e-01
-2.715585310751431058e-01
-4.480773597452675228e-02
2.420682893949999692e-01
-2.803402932184562157e-02
-1.381424993430418746e-01
-2.130873113173801792e-01
1.792087816881470230e-01
1.069963893527168253e-01
-2.140685982484560879e-01
-1.326017213574444686e-01
8.370857458112390681e-02
4.417528125842140607e-02
-2.270897950402765708e-01
-1.269978158484376118e-01
-2.075453152944833624e-01
4.090549076266603024e-03
2.168608450989011893e-01
1.567720324011401822e-01
2.110799381084919601e-01
-4.863610428405901187e-02
4.079704693800045856e-02
-5.290379159990005187e-02
1.639448251304279069e-01
1.435463229786582695e-01
-2.084858089002979975e-01
1.186429362013566302e-01
-1.925710935879948460e-01
3.324357456655485654e-02
2.677969688369373213e-01
2.704334516518866471e-01
-9.427073076392994411e-02
-4.624697942874739232e-02
-2.435240071439553344e-01
1.125193317749680899e-01
4.384220835147861761e-02
-5.213239654541257373e-02
5.302551714970182850e-03
1.325322182027767193e-01
-3.034558934035122002e-01
-4.221092297360695689e-02
-9.807478862187690716e-03
-2.198278718868172665e-01
-2.496287659080748955e-01
-2.996791177643497450e-01
2.195007016655116661e-01
-2.330746690851210889e-01
-1.986032249038391373e-01
4.138897126802693061e-02
2.721124303190523563e-01
-2.609785808790489603e-01
-2.268216980837101104e-01
2.432114597790286381e-01
2.148117427409798608e-01
8.819094288739348642e-02
1.332941406572907828e-01
5.924185761381089987e-02
1.779180432761109931e-01
8.179057619760338183e-02
2.030258793596411704e-01
7.788548689772201161e-02
2.637821375358318510e-01
-2.242793493432789498e-01
-1.177390774038488963e-01
3.342869817369092944e-02
-2.493914881144292384e-01
-1.929669177273632685e-01
-2.815014188124477235e-01
-1.158558553525722012e-01
-7.559402522148706005e-04
-5.774425641720318247e-02
3.804713706430745690e-02
2.807161905359966680e-01
2.164362391575836431e-01
1.334946569114964232e-02
-1.693036931254721378e-01
1.340785578996945282e-01
2.981436500376481447e-01
3.238651047506307945e-02
1.010248857348224338e-01
-2.122749678260918982e-01
-1.515869137640984410e-01
-6.416562354467453266e-02
-1.053537296911703502e-01
1.886174627920997326e-01
5.984774928909430969e-02
1.077543347295041309e-01
-1.421137653714907578e-01
-1.389546453811402182e-01
-1.834357203510164624e-01
1.928658538871650396e-01
1.186740476680213097e-01
-1.896897593756622091e-01
-7.414933013911761961e-02
1.063403308719714779e-01
-2.084191566090337344e-01
1.550861583146405653e-01
-1.901642627203776192e-01
2.624991846136959239e-02
9.627830230912293175e-02
2.537629883094774663e-01
-2.356370147489830202e-01
-2.339073454054759749e-01
1.446018928677850202e-03
1.713475119001220404e-01
-2.452618293425563867e-01
2.814545199768075934e-02
2.917073237230209393e-01
-8.383702835861589486e-02
3.031172318220550221e-01
-1.577256295622210536e-01
-4.611195392935574233e-02
5.747440970582690101e-02
-2.920857093041296371e-01
2.591186200910620685e-01
-2.152318825619963238e-01
-5.920632986500337647e-02
1.664334320273028744e-01
9.953423284634432822e-02
5.143222875174857656e-02
2.878046831443033526e-01
2.251311458854982628e-01
-2.847232210125545948e-01
-1.725918455143404251e-01
-2.065921216489269296e-01
-7.640044540621054869e-02
-5.901711637342282879e-02
2.451954286857534471e-01
-1.236687828678753875e-01
-1.757022270881625492e-01
-2.509018621514408909e-01
-7.897271057012433815e-04
-2.283293602135950395e-01
2.719773976960123130e-01
4.195483955709744528e-02
1.422074848886669685e-01
1.724359847355459441e-01
-1.071137431205682333e-01
-2.685291778223086734e-01
-3.262196050380145040e-02
2.599184976242664979e-01
5.541230055920165487e-02
-2.728893120579380382e-01
-2.103323094634557688e-01
-9.666689339942263759e-02
1.008356598651249381e-01
-2.441032243717780048e-01
1.439480923889058239e-02
-1.559806744416336599e-02
3.011947253801399715e-01
-1.531519012145022562e-01
1.917236238612030075e-01
3.022801898711242052e-01
-2.029262483076967882e-01
1.570557926192749365e-01
2.729214784805423233e-01
2.821388878504295650e-01
-1.913169028411011163e-01
2.602795982117947493e-01
-1.896117721743241780e-01
2.533085805490686293e-01
-5.241740287943863486e-02
-1.864659821900968573e-01
2.752567221789648522e-01
-3.017266543171090998e-01
2.969143067370721423e-01
-7.061685843643492055e-02
2.239865728105559506e-01
1.681419370516915590e-01
6.500720989083963453e-02
-1.261303350189394434e-01
1.387263294567273597e-01
1.306013062652466861e-02
8.457613928876833720e-02
8.128879593245474933e-02
-1.436315084052611490e-01
9.900063698146815971e-02
-1.022701107337901372e-01
1.515867310356812658e-01
7.021945824472825004e-02
2.764310443328863998e-01
2.423726953958498798e-01
2.005738606247692846e-01
9.818446111710810165e-02
-2.498896134983186190e-02
1.852594647652749393e-01
1.969475884191382309e-01
-2.508329433736697367e-01
-2.934407089406771973e-01
-3.475685799184080604e-02
6.748182204976538312e-02
-1.156894284391782601e-01
3.052387719691707080e-02
-7.538028627283749339e-02
2.417651921321112285e-02
3.025865533278079833e-01
-1.747170893151607785e-01
-4.051762491440324965e-02
8.047963344395314689e-02
5.244400527657755440e-02
2.723962645082354528e-01
-2.846522306714798223e-01
-1.508743438133011150e-01
2.217529157782291427e-01
3.436943291607374995e-02
-1.303159176610899639e-01
-4.849080568743857622e-02
-1.290570240220389464e-01
4.980718177453269391e-03
2.371133222598698631e-01
1.540063551753220183e-01
6.048934480849654793e-02
5.514907904859528420e-02
2.299695594639863949e-01
-2.068610640153442093e-01
1.568700128085497858e-01
2.838088359740311151e-01
1.545391474104873542e-01
-7.007788625839150853e-02
4.621943047051224607e-02
-2.343162322123255592e-01
-2.076088903177357725e-01
3.682689789128379410e-02
-2.342658371361655556e-01
-6.806446396014503852e-02
1.702572994191207667e-01
5.137497387652406600e-02
-2.121859026566197404e-01
1.277941610152172336e-01
-7.956842581219181199e-02
1.448437023641220289e-01
-9.589405029612799169e-02
-2.512507511500045032e-01
-1.552385423147101262e-02
1.195626079313290013e-01
2.434740064812069282e-01
-2.160918112182719231e-02
9.255444897859887998e-02
-1.382659398451745736e-01
1.619749259626600546e-01
-1.782127002628309254e-01
5.854371058547319651e-02
4.753584272558397661e-02
1.845550693560287780e-01
1.292270981243769379e-01
-1.498890245280402600e-01
1.756429858019585288e-01
8.344868134548455441e-02
2.443927266816605104e-01
1.927237682128522533e-01
1.066398055158584435e-01
-2.395353024081215143e-01
1.748249768803173398e-01
-4.975802611948076937e-02
1.640058936687225355e-01
9.214518724628539825e-02
-1.296053081881004265e-01
-1.560356040835920999e-01
-1.303923403766679701e-01
2.968228326671544237e-01
-2.169194595761193556e-01
-1.873825800326461843e-02
-9.666125003316428099e-03
2.008228124461655661e-01
8.121962625287487691e-02
1.947306778601875510e-01
1.447286278078196431e-01
-2.437546120847118858e-01
-5.761725710220627628e-02
-1.128957772177018870e-01
-1.814944533139000726e-01
-1.096351533032310366e-01
5.982582782442336100e-02
1.422983322757566116e-01
2.642913807102654222e-01
2.154223331689400500e-01
-2.012782762304176909e-01
-2.029996350248019499e-01
1.619623424338983986e-02
-1.214621407212753412e-01
-6.231128855542147904e-02
2.770982078902273771e-01
-8.404325393836786784e-03
1.602292143126354818e-02
2.453421120928202526e-01
-1.129921206126744959e-01
-1.771623844340164400e-02
1.811618223038957698e-01
1.324498540079783737e-01
1.587327483237332970e-01
-3.051453509657364727e-01
-1.947563332057218322e-01
8.538092865752500149e-02
-7.742597110872828647e-02
3.037494960108209630e-01
-2.434161969081324040e-01
3.047724729691116408e-01
1.852289525672451975e-01
-9.997446854336627942e-02
1.224508908028566490e-01
-3.793194942568134387e-03
9.061301628288714882e-02
2.292214847698337832e-01
-3.030520084281149717e-01
-2.696001426033091675e-01
2.015347467534892023e-01
1.064876496799638805e-01
-1.037109493449058784e-01
-2.901087061830864844e-01
-3.027230585202174140e-01
-1.171131969763523073e-01
1.850454866495038209e-02
-1.347621472097853546e-01
-1.352581278609687465e-01
-4.845904425512742586e-02
-1.154228205278230723e-01
-2.219910799270397583e-01
-2.493325901200593442e-01
1.900779030966887051e-01
-2.033466678537205197e-01
-5.907895087876974261e-02
-7.167387014793635824e-03
1.336215710057320205e-02
-1.653222959326168251e-01
1.856814598631322255e-01
-1.029441681133186348e-02
-1.060058829894134080e-01
-9.380283044040260698e-03
2.654936343329095672e-01
-1.624124914716315593e-01
1.184849196484868417e-01
-2.983665719007644324e-02
7.123102143546972131e-02
3.014619291507006360e-01
-4.436404223697165694e-02
6.553916942138976465e-02
2.359875071475043273e-01
4.513993902629825916e-02
-1.927052358814834165e-01
-2.038066267755460348e-01
5.382883557527845531e-02
1.073266727904479412e-01
2.204830129012508855e-01
-2.387680001651847905e-01
-1.519622300616651767e-01
2.709371807651676511e-01
-6.786945770640998021e-02
5.829053511475917881e-02
2.552998392531790617e-01
-9.195040451561270478e-02
-4.645808963407715986e-03
-2.135207868045349566e-01
-8.821766580684586856e-02
-1.031814059567904285e-01
2.577839336515175828e-01
-1.012461831377878818e-01
-1.874058521364794228e-01
-4.266688301171706055e-02
3.281279727616376318e-02
-2.943098750153533283e-01
1.738428807012454835e-01
-7.669422436161507650e-02
9.059814509476854516e-02
3.009414345989553374e-01
1.361056806026244570e-01
-2.233013888630650812e-01
1.735092167848202860e-01
-3.021611339283270525e-01
-1.819428151382761760e-01
-6.353512139464440045e-02
-9.387476585118140204e-02
-2.402381124525231337e-01
-7.938087225380116574e-02
1.171320442716041188e-01
-6.819334583606329048e-02
-1.818592989555979922e-01
-7.443715695370897723e-02
-1.051448601432933283e-01
3.056951911177395176e-01
-8.362322518946765926e-02
-2.122852124047219791e-02
-1.349934092613607750e-01
8.591628318120730912e-02
-4.747757392837553825e-02
-1.311429461387267903e-01
-2.919572305652967104e-01
6.901782535696454612e-03
-2.916887672876210535e-01
-2.007909722070356784e-01
9.575450845618255213e-02
-1.469725649370304255e-01
-2.708039301045474523e-01
3.988901430088581668e-02
-3.043249715886710560e-01
-9.115552455212927452e-02
-2.529654263340904152e-01
2.741839814319917967e-01
4.929773845425283740e-02
-1.297309757555642484e-01
-1.796107258300011500e-01
-2.075965924015498731e-01
-1.494552374467753852e-01
1.590651235929478879e-01
-2.973635897231954872e-01
1.885518195983184597e-01
1.743765675564529216e-01
-4.110923816286410348e-02
2.678910205805479783e-01
-2.767138657805706670e-01
-2.221435198248530585e-01
-2.329383410897511997e-01
-2.465641345895382697e-01
2.174447488007627549e-01
-1.044072020913182353e-01
6.931304985776098881e-02
-6.145678374767513108e-02
-1.629766573009216735e-01
2.130331751240554516e-01
2.048647934404921878e-01
2.524510120346953879e-01
4.390376575800575276e-02
2.738317053739993123e-01
-2.070564212216160493e-01
-2.780215990232585699e-01
1.432433461886972736e-01
-3.037592861859441107e-01
8.377020364226051008e-02
-2.978643972609545942e-01
-6.958456902537227262e-02
8.895729948832420408e-03
-1.502637792753920287e-01
4.899098096042853179e-02
2.374463371254686983e-03
1.533571333784906066e-01
2.027517580607214875e-01
2.376911796542220956e-01
-4.237549205057100643e-02
-1.542266461129787880e-01
2.058518866034375061e-01
2.047806448214267716e-02
-4.227384609650325364e-02
1.741521826588063870e-01
2.618696089987432307e-02
3.029516993790947743e-01
-2.361064585101906310e-01
1.168380961546929830e-01
2.421887471300576133e-01
-2.323446957059333018e-02
3.004945188787594423e-02
1.776000029131413194e-01
-2.586283002533463216e-01
-3.005247790121062801e-02
-1.922853060050483953e-01
-4.899557812156674075e-02
-1.654300390986265523e-01
2.101857779927401304e-01
4.887189006817505010e-03
-5.813780473792520831e-02
4.164193801080268154e-02
-9.529495540577387347e-02
6.734723186667340711e-02
-1.880745923857828350e-01
1.796399531189361576e-01
2.161123683863694356e-01
-1.891357455312662750e-01
-2.288941107156205468e-01
-2.858150217729089060e-01
8.492237173124811411e-02
-5.429318674734384675e-02
9.265100196853404135e-02
8.411076052249077950e-02
-8.870059440688340957e-02
-2.931431941300477462e-01
-2.935964906850315193e-01
-1.801713066201702518e-01
7.211539648047543549e-02
1.822454984234991859e-01
1.561193654898951344e-01
1.543056386475549768e-01
-1.835302552640072915e-01
-2.336694390848403913e-01
1.479191459802512987e-01
-3.632869698051688356e-02
3.028632947467990721e-02
2.299406557086228209e-01
-3.396552638521854739e-02
-2.073952851918441365e-01
-3.490031919876579458e-02
-2.491717192493442534e-01
-2.312047790399278935e-01
6.587742941493890392e-03
6.447847595743300131e-02
-7.665777446726831923e-02
1.646180089384085554e-01
-2.898876805085537356e-02
2.264002095741761145e-01
-9.200629732952345097e-02
-2.505090418698598387e-01
-2.135721441651611263e-02
-1.934080634818579336e-01
1.183391519319061946e-01
2.866166180907933625e-01
2.335647027179396651e-01
2.467058128950057605e-01
1.113940471913310581e-02
2.026452865093141820e-01
2.003737483381102247e-01
-2.231537014462824930e-01
8.358747547592038085e-02
7.539736095748711397e-02
-2.974792427677179218e-01
-5.967778443511398412e-02
7.554940980126501060e-02
-2.868900809131322283e-01
2.523085006566485045e-01
6.881514471545219225e-02
-5.433493257173460655e-03
6.409285845682677341e-03
-2.177511104547647791e-01
2.111705860621171937e-01
1.159148385859345987e-01
-1.105895707673448802e-02
2.478467347143299970e-01
-7.862315094721245012e-02
1.839792594782339030e-01
-1.712361928968825220e-02
-3.536531996875852402e-02
1.456114717179867180e-01
-2.881470513622642615e-01
9.250425999035460922e-02
-6.321907344598706735e-02
0.000000000000000000e+00
0.000000000000000000e+00
0.000000000000000000e+00
0.000000000000000000e+00
0.000000000000000000e+00
0.000000000000000000e+00
0.000000000000000000e+00
0.000000000000000000e+00
0.000000000000000000e+00
0.000000000000000000e+00
0.000000000000000000e+00
0.000000000000000000e+00
0.000000000000000000e+00
0.000000000000000000e+00
0.000000000000000000e+00
0.000000000000000000e+00
0.000000000000000000e+00
0.000000000000000000e+00
0.000000000000000000e+00
0.000000000000000000e+00
0.000000000000000000e+00
0.000000000000000000e+00
0.000000000000000000e+00
0.000000000000000000e+00
0.000000000000000000e+00
0.000000000000000000e+00
0.000000000000000000e+00
0.000000000000000000e+00
0.000000000000000000e+00
0.000000000000000000e+00
0.000000000000000000e+00
0.000000000000000000e+00
-2.420868680076998514e-02
1.196562487293484356e-02
-3.169737110384229783e-01
2.884155790593095903e-02
-5.890327178296483890e-02
5.415789879540117147e-02
3.186754899541859309e-01
-3.613792381877742321e-01
-5.999731078718312238e-02
3.169314202597061092e-01
-2.097250172621420439e-01
-1.888155932350186195e-01
1.828863337477296680e-01
-2.796442351902505563e-01
3.864545678612968382e-02
2.775628141822906736e-01
6.749918804154819707e-02
-9.567956341064831616e-02
-1.279295596377251765e-01
4.044065902625743059e-01
-1.056392139908713390e-01
-7.622797388934104967e-02
3.506159208946850736e-01
-1.072211377290598344e-01
-1.676974934103898085e-01
-3.777304195352614857e-01
1.966458617885574744e-01
-4.840472041932802894e-02
-9.855216268701227911e-03
2.270468469243686060e-02
-3.679549667095508014e-01
4.377214409452212518e-03
-2.002267433895348336e-01
-5.116641454216414031e-02
2.576030336478779548e-01
3.163636866507087975e-01
1.353656118166315370e-01
-3.656456832658971923e-03
1.907028019301119093e-01
3.546454458956901368e-01
3.992741361448983728e-01
3.087532159161202605e-01
-6.088328166170670075e-02
3.277408986009404668e-01
-2.482684884095925637e-01
9.759167884916375435e-02
-3.038746627768771913e-01
3.161211720250431956e-01
-1.290047475395973420e-01
-1.024528406451961637e-01
-1.927625077686174471e-01
1.094823202875023771e-01
1.761685650608597609e-01
2.478274630231223075e-01
-8.928898588698247485e-02
4.282680760400880970e-02
1.253951009770937208e-03
-3.310234599707819747e-01
-2.766646149724844017e-02
1.236594016323311340e-01
-3.031721596577251487e-01
2.031666845920245823e-01
-3.864907337487904493e-01
-4.036704519482576248e-01
0.000000000000000000e+00
0.000000000000000000e+00
