-2.699047803218406205e-01
5.708557042587636410e-02
4.483655623774296384e-02
1.785949385430256053e-01
1.942458197735020264e-01
2.510011385954055707e-01
1.899437762841811872e-01
-2.208630510630289479e-01
-3.084739037514927507e-02
1.219605072259137835e-01
3.406335107588815414e-01
-3.424098999556226541e-01
-3.080593902092466640e-01
-3.204155699667293744e-01
-2.955681412954636045e-02
-9.221293070568137296e-02
8.186522769145915257e-02
-3.440110904472359343e-01
2.027752542314831263e-02
-1.713520602281419503e-01
9.686774940103382026e-02
1.725061671512842509e-01
1.513597068972116211e-01
3.488631977459601408e-01
-2.755833441159496466e-01
2.446804097365484210e-01
-3.944201190925605838e-02
2.877050825037081316e-01
2.346389010197896807e-02
-2.210864253185422512e-01
2.507955711318225478e-01
-2.871739329509669925e-01
3.494958812118916236e-01
-3.308104912154007371e-01
1.101994593252877963e-01
-3.015839002019492510e-01
-2.484802412712572017e-01
-2.835987525103870754e-01
2.665160261225891225e-01
1.594879666617025626e-01
-1.825158187226717799e-01
-2.052711243441288635e-01
1.704782583900034676e-01
6.988135286209062880e-02
-3.282447392454468371e-02
-7.394237139666920422e-02
-3.423048388885152615e-01
-2.313064352362684262e-01
8.897775448185096803e-03
-2.602715762091932783e-01
-2.319172410044920696e-01
-3.025271043109808433e-01
2.399229377700369814e-01
-2.714822328733678125e-01
1.665597578552301949e-01
2.837232068530454177e-02
-3.210042523035594453e-02
2.669034553710303848e-01
-2.763117651489754856e-01
-1.732789810001786335e-01
1.087060116970087753e-01
1.283857103039288128e-01
-6.825803718241130191e-02
-7.839781272313278704e-02
4.096693215992747161e-02
2.798856526582327309e-02
-1.943830746709985791e-01
2.517987174301597464e-01
-2.699206687107771896e-01
1.054515439852537484e-01
-1.753785313734007867e-01
1.369760041202590095e-01
2.667424922157614620e-01
5.390074645057707503e-02
8.263156991160658382e-02
-3.697814345714778295e-02
1.677358840314703836e-01
2.447662711670116065e-01
-2.950971466999449122e-01
1.716523871884960140e-01
-2.055966813438234453e-01
-3.051586086009777099e-01
-1.897816874451254132e-01
-8.336967946826978615e-03
3.329796162665316639e-01
-1.976646360426327909e-01
-3.377629549279533849e-01
2.277026215653217833e-01
-3.491766333166355096e-01
-3.418197915927756458e-02
-2.205993694016132323e-01
-2.912136391923922929e-01
-1.084256669575542897e-01
1.340000342240963427e-01
2.738886722088342274e-01
2.632882448542755438e-01
-3.199914574760285846e-01
2.339477040589196810e-01
-1.140913191965697848e-02
5.743535407872868426e-03
-8.884317680707615184e-02
1.844193436159579647e-01
-2.375871367653249744e-01
1.452481229491217052e-01
2.138858864580999719e-01
1.068156595545191601e-01
-1.957292285420935141e-01
1.882255042350894914e-01
3.118981734619917234e-01
-2.389837042687681379e-02
-2.382915563255526836e-01
-2.401820068706174705e-01
1.317979285422399283e-02
2.238565927235844355e-01
-1.737954476721486619e-01
1.359611611416511323e-01
6.745737911353177907e-02
2.174909652114361269e-01
-8.585112460203547791e-02
-5.569879461193388837e-02
3.351517112706292600e-02
-5.990457045621222498e-02
-6.603934140590539403e-02
8.243378542941942611e-02
8.487792340636624022e-02
-1.203148744278522975e-01
1.485056764928434636e-01
1.075734325047077444e-01
2.829874716816250246e-01
-2.676222846534387911e-01
-3.418621881190461176e-01
-2.042085872727583129e-01
3.308704685171413584e-01
-1.422129428104475790e-01
3.352526874997485695e-03
2.462686122549080925e-01
-9.480885803445388005e-02
2.018669662129661257e-01
2.360003171318075244e-01
2.237601110209490041e-01
2.974800747688512437e-01
8.655727661181988886e-02
-5.111069387151034871e-02
3.440099451535963415e-01
1.492541445499567243e-01
2.239266238405591136e-01
-9.689624907799354592e-02
1.073983232096437646e-01
-1.886708979358228122e-01
-2.697476230086381932e-01
-2.210668376756432518e-01
2.529762205420169052e-01
1.554274627033280232e-01
2.465940931759952326e-02
2.743058687894923131e-01
2.525647674488457617e-01
1.810202874211345736e-01
2.773278971626134681e-01
-1.389340953705654746e-01
1.514798549893368595e-01
4.917979961889029639e-02
-6.998798392624189235e-02
2.740381321423906447e-01
-1.766804907509142708e-01
1.662325698412581709e-01
-3.089195030597708946e-01
-1.347568983188922320e-01
-3.429430240885726899e-01
7.811263914629429372e-02
-2.993130514998208480e-01
3.164128532193939969e-01
1.023634886794991261e-01
-1.098248307852679184e-01
1.846973338463619996e-02
-2.242570167540514081e-02
-3.164710966770267198e-01
3.108538847948253969e-01
-2.145795039619513289e-01
1.725192737082049121e-01
-2.454578952866515451e-01
-4.818475168681707332e-02
1.614597680669874191e-01
3.310633985694409476e-01
-9.468855614441212820e-02
-2.670894006979607216e-01
2.973006710704841349e-01
-2.320241555156569435e-01
1.349882482645876625e-01
-5.595123225639214715e-02
2.722350657538755159e-01
1.034068344339347800e-01
-1.047511428331824312e-01
1.493254893661516425e-01
-2.262759033222228877e-01
3.195004632157295021e-01
-1.647213960284943102e-01
-2.468488230151189011e-02
1.572911303338112021e-01
-2.798899425786828821e-01
7.314692804166600393e-02
-2.506990367419145715e-01
2.194438940044456943e-01
2.687928853637041038e-01
-3.198228854642437557e-03
4.632713497931667535e-02
-1.953386033720755643e-01
1.696478453374591910e-01
-2.336127627285247144e-01
2.224384018243575345e-01
2.203176492365824246e-01
1.279580341922311182e-01
1.787386715065703569e-01
2.670447548789643410e-01
2.158594421704529420e-02
-1.609949972675648877e-01
-1.674090374692815686e-01
-6.329248511755702911e-03
-4.550891933237322107e-03
2.167996726044796318e-02
9.463560177001312246e-02
1.353240057410067809e-01
2.923953588474895171e-01
-6.393783644847755854e-02
2.560104832790024987e-01
-9.180967635703030094e-03
1.164569984699240224e-01
-4.020586398798975392e-02
-2.596086027666353879e-01
-5.643405405462276203e-02
-5.323981485866935426e-02
-2.911114662346586113e-01
2.054700062099523161e-01
3.004741757417216941e-01
-1.084094119202431428e-01
1.342598795550064006e-01
-3.437421095049500441e-01
2.990158142967139221e-01
1.352526763492051809e-01
-1.095320809045950416e-01
-3.154499612606962988e-01
-1.118577334197440321e-02
1.172727064030907318e-01
5.350863257574439702e-02
-9.700736226801104367e-02
1.389518024161253140e-01
-1.116187120297124913e-01
3.239454990976977089e-01
-6.283547630805935702e-02
-3.018898526965552165e-01
-2.702833511394022170e-01
1.562205455781293106e-01
7.730591920904839043e-02
2.228325645799089094e-01
-2.643881353134513446e-01
1.213151779947932440e-01
4.873594110417844849e-02
-9.801622884482052989e-03
5.871941394783475321e-02
3.378848188245237583e-01
2.953026601368773929e-01
2.371992249413765186e-01
8.377607598866243510e-03
3.140096472715477316e-01
1.369848390988968045e-01
-2.711838242723502157e-02
2.008123484373900980e-01
-9.323585929459182742e-02
-3.399896830525986346e-01
1.282921575296792072e-01
-3.036783047097299515e-01
5.443866041724726434e-02
-1.023463470235380646e-01
-1.361580003263792582e-01
1.782653192375646678e-01
3.047226114315691459e-01
-3.072734318363412598e-04
1.590483250634922019e-02
8.296375099665814767e-02
2.479232861633742790e-01
2.976848043818092204e-03
1.517805932118653778e-01
1.384654888754112689e-01
-3.367695993805649990e-01
2.897663763496506895e-01
2.554611339293326178e-01
2.798118798442010280e-01
2.648849531565489746e-01
-1.685542594130891303e-01
-2.426968256038130045e-01
2.598280197517973122e-01
-1.844535605630859831e-01
-3.042687854063737540e-01
-1.958519218605159207e-02
-3.030439318693649575e-01
3.077458392475005966e-01
-8.783325224693183664e-02
-1.030721057050949796e-01
-1.901461555509139645e-01
2.082130300773837872e-02
-3.403537923618517036e-01
2.465872788832505491e-01
2.514592862140721530e-01
9.060105068520057925e-02
1.101211218506397138e-01
6.066448727501166927e-02
-9.627681128324677706e-02
-2.428667234624425353e-01
2.340803876287285701e-01
2.453754971743751789e-01
9.729485161317885655e-03
-3.096052182254431240e-01
-2.409172598042957358e-01
-1.768539832333243522e-02
7.605851773256955273e-02
2.598093133560301360e-01
-2.002795815585087236e-01
-2.057297182100464861e-01
-3.205595671599271723e-01
-5.104813300723098912e-04
-8.628364661978316086e-02
2.075748440089811298e-01
2.520643673374399207e-01
3.119760851013144154e-01
-2.986498430368290102e-01
-2.606429986825311573e-01
1.141108412524953764e-01
-2.849556175989120255e-01
-9.965647929828785889e-02
-2.404239119265883240e-01
3.267812546280938757e-01
-8.710744823150290417e-02
9.283373975804765088e-02
-1.531572207918702189e-01
-1.524842821879152099e-02
-2.237944533178630180e-01
-1.150653999568909402e-01
3.200924018173860186e-01
1.838968144469378951e-01
3.235129294078027962e-01
1.067806930918014374e-01
-2.710938540575471012e-01
3.389374884723041492e-01
2.568474547020135890e-01
-3.384331319282606332e-01
2.408898778024397003e-01
-2.193675424941051999e-01
1.490312493261212734e-01
2.769825956983690274e-02
1.712893581867370174e-01
1.841279779828775554e-01
-2.567416389495061901e-01
-1.723706840526699757e-01
-1.961326559236601097e-01
-2.297268923757446457e-01
-7.423028859727098805e-02
1.177681645141767097e-01
1.420625253015777578e-01
-2.126843696237629144e-01
1.115261592399717228e-01
-1.210208691231462463e-02
-1.277931030148353186e-01
-1.438499595816936649e-01
1.717677654457129832e-01
7.353480896102265740e-02
-2.594810761536555654e-01
2.878767647768600280e-01
-2.485927944698967940e-01
1.711160421567344270e-01
1.012166309540914466e-01
1.779621496187767105e-01
-2.550016603280089722e-01
-2.671074091599646705e-01
-8.171860441721640056e-02
-7.525802903827122359e-02
-5.159817053394855080e-02
1.863600130924972231e-01
-2.010586616418713612e-01
-2.756848018665300493e-01
-2.303242612000869216e-01
-1.242270869107575948e-01
-1.956291191261350093e-01
1.748238860789852467e-02
2.213213342573772668e-01
-1.676814163252312029e-01
2.517245604569325335e-01
-1.382315831612078993e-01
-2.395900938053474594e-01
-7.211423672616867897e-02
-2.283893278659305248e-01
3.373504105295970779e-01
-2.188314861955036605e-01
-3.026926927090519692e-01
-2.558183085722659511e-01
1.595370596298381627e-01
2.292897028636443069e-01
-2.328631683101532457e-01
1.710290678778029760e-01
1.716491113792716905e-01
9.207286948326326437e-02
-2.766420348815645802e-01
1.873313313470711949e-01
2.470016843734545442e-01
1.572783818249899324e-01
1.991252011352132034e-01
-1.610435081609879748e-01
6.409073634445627832e-02
-3.136416544073759582e-01
-1.343309136898975520e-01
-2.021626767250138679e-01
-2.380801472196477642e-01
-3.168305830485002583e-01
-8.089801714601457805e-02
1.867631232379889927e-01
-2.998013317121665522e-01
-2.476370999238473036e-01
-3.206513678890334229e-01
1.045902903449516530e-01
1.937011213800841625e-01
-1.677789561191349588e-01
9.435785066651264374e-02
1.398295654049011016e-01
1.833797071954601510e-02
-9.967658045006644318e-02
-3.132329036740096329e-01
1.008525969243837528e-01
8.964669525823448781e-02
-4.143362512088932803e-02
-1.181058218364163526e-01
2.422276227334796972e-01
3.164457038378705733e-01
-1.623638022391881708e-01
-1.093408271185233316e-01
-8.262948007242654214e-02
1.902869189369167935e-01
3.192759777750225902e-02
-1.654395408011624380e-01
3.199368867962600338e-01
5.261100200713114683e-02
-3.326606472923668845e-01
1.604381268252081383e-01
1.440184639122242816e-01
-1.025222153071060904e-01
2.100164305019483479e-01
-1.516439671941348655e-01
2.714066947235011518e-01
5.822995015353976678e-02
3.462127637540591274e-01
-3.330211697325970999e-01
1.106890360614069535e-01
1.141677507825777926e-01
3.379112645429916406e-01
-1.182963038742220752e-01
-1.564480303483450907e-02
2.487901985580892594e-02
-3.010019088791248132e-01
-1.441243435398356920e-01
-4.446647673552023283e-02
6.288337965570883759e-02
2.823967119012518734e-01
-1.229047504687163783e-01
2.819977778373275457e-01
-1.518354342158113879e-01
1.412631636610796604e-01
-3.401728395106541347e-01
8.216175767150057929e-03
-1.364621257276970867e-01
3.037343599293901852e-01
-1.992203805002272232e-01
-3.416392183079020040e-01
-3.296842043403400146e-01
-2.378867943844200084e-01
-2.792612755984013040e-01
-2.852898949068260470e-01
-2.520238173744985821e-01
6.974611849540524044e-02
-2.924369997932839693e-01
-1.632735903852353954e-01
2.852470579940422080e-01
-4.317725265992444772e-02
2.078273136374162999e-01
1.274463239727965380e-01
1.821802525963795438e-01
-6.468798304583034398e-02
-3.176318978210116994e-01
6.442694714077157325e-02
1.132243335562699849e-01
-1.102026759381337373e-01
1.888492005366025350e-01
2.360544381804287606e-01
2.425270668121357054e-01
-2.907030201475763187e-01
-6.415818925771643588e-03
-2.050389559933872841e-01
8.218252612221599307e-02
-2.794066393088713296e-01
-1.776182987391237422e-01
4.734287530200886884e-03
-3.012414277204957802e-01
-1.318871561613510490e-02
-1.210954197790044262e-01
1.181060199173731839e-01
-2.290057977096793262e-02
3.150138486635072899e-01
-1.812256328084935475e-01
2.779406050105895365e-01
6.074887621952029804e-02
-3.062349759352769318e-01
1.321651385423462388e-01
2.666882476564223503e-01
-2.381055611848284514e-01
-7.869784540173896392e-02
2.652500983265430601e-01
-5.157711956780286489e-02
-2.318788668277512177e-01
-3.097357559455721221e-01
3.463841817693808500e-01
-1.743736240822388595e-01
-2.168309896675697790e-01
2.543229682546013781e-01
2.319387197458843697e-01
-1.121065835323264703e-01
-3.438550718014880547e-01
-6.739550200919197653e-02
-1.858442209791140998e-01
-9.960973219973834336e-02
-2.686659406337882361e-01
-1.167004456987737193e-01
-1.900847409596958248e-01
-3.006312279730737891e-01
-1.680773246359788531e-01
-1.084633015240152598e-01
-3.550422674145520263e-02
-1.984386510169733053e-01
3.351502281741161604e-01
-2.655416930810417520e-01
3.218050679524550595e-01
1.521118340176189077e-01
6.750049159401222409e-02
-3.376725168289411161e-01
5.135218881748271347e-02
-5.825385972533370094e-02
2.829167554422308828e-01
-1.413909361487185601e-01
8.555904778137818356e-02
0.000000000000000000e+00
0.000000000000000000e+00
0.000000000000000000e+00
0.000000000000000000e+00
0.000000000000000000e+00
0.000000000000000000e+00
0.000000000000000000e+00
0.000000000000000000e+00
0.000000000000000000e+00
0.000000000000000000e+00
0.000000000000000000e+00
0.000000000000000000e+00
0.000000000000000000e+00
0.000000000000000000e+00
0.000000000000000000e+00
0.000000000000000000e+00
0.000000000000000000e+00
0.000000000000000000e+00
0.000000000000000000e+00
0.000000000000000000e+00
0.000000000000000000e+00
0.000000000000000000e+00
0.000000000000000000e+00
0.000000000000000000e+00
0.000000000000000000e+00
0.000000000000000000e+00
0.000000000000000000e+00
0.000000000000000000e+00
0.000000000000000000e+00
0.000000000000000000e+00
0.000000000000000000e+00
0.000000000000000000e+00
1.661007450104531324e-01
2.405076009512783775e-01
-7.266601486144483313e-02
2.948565746289480427e-01
1.079591574489352501e-02
2.881296610217288223e-01
2.370276653061735295e-01
-7.267542882278366090e-02
-6.660227344150310147e-02
2.728719366070853636e-01
1.818512824210947731e-01
2.422557792255605746e-01
-2.412004219113755843e-02
2.033289906243631040e-01
-1.557822221882694258e-01
-2.170452141988815642e-02
1.443404356773838604e-01
2.382091121805136047e-01
1.147184871917778515e-01
2.018369414313060939e-01
-2.839968779092486018e-01
5.284099104902684196e-02
2.549127587140943008e-01
-2.496676609410752867e-01
1.612505112128873597e-01
-8.978771078975181230e-02
-6.273061782603783776e-02
-3.030652174713147629e-01
2.726604589296382497e-01
5.530677985737791902e-02
-2.209742864926301509e-01
-2.633906426922555388e-01
-2.519211521390204434e-01
-2.089416062274294661e-01
-2.376510347904043363e-01
-9.144929165504461777e-02
-1.289635948907537355e-01
-2.446861901827840635e-01
1.378182767673482023e-01
2.791468142180622558e-01
2.729045533377704724e-01
-1.793086722583728809e-01
-3.831963594738474477e-02
1.617149840471915345e-02
9.815488367498592659e-02
2.060103020243598260e-01
1.913642872379773263e-01
-1.590235866182987678e-01
5.159563465639949165e-03
-2.142963497174280585e-01
1.051407990224627054e-01
-3.017179400396595712e-01
8.074573521377270691e-02
-2.935503494926824386e-01
-6.185056350420417570e-02
1.047194354792251869e-01
1.253244514302381263e-01
2.196752920965691636e-01
-2.050231209718967329e-01
-2.277085028938287126e-01
1.198243542413128804e-01
1.386236432770083238e-01
-6.480623052457715194e-02
-2.708116311824975697e-01
-8.928794796487513064e-02
1.721735558106922137e-01
-8.558381529071470983e-02
-5.689948748734599548e-02
7.199785327260110890e-02
-2.710443780506466838e-01
-3.504350289810964636e-02
-2.275535699672727175e-01
2.239466946608203446e-01
-1.988112524273895898e-01
9.983589043159712961e-03
1.981057931149741713e-01
-1.895365540947541172e-01
-1.773184937458478216e-01
-1.283345034515610827e-01
-1.999564261958497458e-01
2.019816855722437743e-01
-4.612304101517084032e-03
-1.905530350297774400e-01
2.594008461955591982e-01
-1.754820269273056899e-01
2.776475016578531796e-01
2.165245374396121414e-01
1.323046615591816910e-01
6.631606414056234744e-02
-2.906103691297829417e-01
-2.973858332453396258e-01
-2.142922798777233684e-01
-1.996203370802169252e-01
1.291588234505965382e-01
1.621124832785298953e-01
-2.685061269012611329e-01
2.394294269214846671e-01
-2.908824761380806034e-01
1.152013859659434258e-01
-1.949566789444479031e-02
2.887532328144954419e-01
-2.824244351410170051e-01
1.773142473891308746e-01
1.841164952160929125e-01
-1.937561171284636063e-01
2.513889999124512831e-01
1.271166305232042104e-01
-9.120553723960853065e-02
1.584717379675235627e-01
-1.893799081686918517e-01
-8.894504547170212216e-02
-2.640419151858706681e-01
4.579236790181911987e-02
1.371398823340204132e-01
1.041125755602307357e-01
-3.060194297376211958e-01
9.325815303661949551e-02
-1.816821253733556518e-01
7.283532382141805206e-02
2.417502508489857704e-01
2.520347289994271933e-01
-2.151808640806033290e-01
-1.162017667521745290e-01
1.174103298667759643e-01
1.945760833759273001e-01
-1.859191646279515775e-01
8.194456295604440887e-02
2.868621248630453535e-01
-1.928237484657531475e-01
-3.034110548262465290e-01
-1.521938632881706666e-01
-2.116625381987859988e-01
5.729782763628105124e-02
1.369680488850322786e-01
2.323115381114218558e-01
-3.031360607109748750e-01
2.153797653288925251e-01
-2.796596210049914766e-01
2.755918088257015008e-01
5.068604265318438218e-02
2.523414578499583172e-02
5.920609194029147204e-03
-2.050058464075449061e-01
2.535501067318776669e-01
2.441436883387626544e-02
2.910327345428653234e-01
-2.536428128877510901e-01
1.247882872873574134e-01
4.323265160943451368e-02
3.057299582913715619e-01
-6.256080359878235519e-03
-1.442716148511090646e-01
-1.051974247811515439e-01
-5.723185855051568516e-02
-8.096818237255606898e-02
-2.851426514873315332e-01
-7.248802295491851844e-03
1.098267669709975802e-01
-1.647485428927151774e-01
1.785170903193147307e-01
1.577199555811943377e-01
3.893895055934593064e-02
3.521438328779424864e-02
-1.764343868474671506e-01
1.453362187289924945e-01
-1.825830529721302886e-01
2.710287450934880105e-01
-1.768160125207987599e-01
-2.978952333782436401e-02
-2.317595754355950000e-01
-2.842267238582307787e-02
2.991548829518058672e-01
2.667590550128846050e-01
-7.773016726559234257e-02
1.152234121924269883e-01
2.490783488062860429e-01
3.232168897298859367e-02
-1.285806709356942246e-01
-9.637857094282839543e-02
2.059958515093433529e-01
6.049298268318237248e-03
-2.437651568342205088e-01
-1.598204939839041883e-01
-1.769540639622496636e-02
-1.392214409481813409e-01
1.876730592093115435e-01
1.359702009141839363e-01
-1.493318052748774938e-01
-1.690779726623136414e-01
2.139297133816430718e-01
2.861288134227374380e-02
3.254325043317551902e-02
-8.150166232434052915e-02
-1.394499832850139009e-01
-2.172060332323318965e-01
2.699801855269530759e-01
-2.535976155115739483e-01
9.320299698787704035e-02
-2.334065124026184490e-01
1.306120376219951917e-01
4.930251308680166922e-02
-3.483706907048333967e-02
2.177147060846837401e-01
-2.138527783097408097e-01
1.373945423115097153e-02
-6.204509519377451876e-02
-9.129356177208666767e-02
-2.516463668474927529e-02
2.121671853478596659e-01
1.541242737611274727e-01
-1.006773604068761374e-02
-1.180514971131858548e-01
2.850036054244924899e-01
1.051834179955185578e-01
-2.872963417103054917e-01
-1.736843078918643979e-01
-2.463135849625541773e-03
1.078189791467903391e-01
-2.091787643055781354e-01
-2.608060215744688048e-01
-2.974955591978001856e-01
2.820183020183286149e-01
-2.226083786050385149e-01
-1.937111772313898084e-01
4.900700186920287083e-02
-2.249456707094468488e-01
-7.078956984128917385e-02
-2.838900797349351857e-01
1.798080519968164870e-02
-2.256086179985566376e-01
1.969947394793745699e-01
2.167967952688005240e-01
1.914304487833307089e-03
2.715366865556973486e-01
3.114847652096430775e-02
-2.526074142891592267e-01
2.226223659724562709e-01
-2.168183063058487514e-01
1.975228162138447652e-01
-2.490359339594859778e-01
-2.047998434187554562e-01
1.801675671458291550e-02
-8.580890623118456184e-02
3.021026778721819239e-02
1.751823673020314054e-02
-1.013617343465890441e-01
1.917406939562363855e-01
2.566088733024996515e-01
-2.101124177480373778e-01
2.124631936836229862e-02
-2.198704801696495792e-01
-1.560939824526286768e-01
1.717030783183823850e-01
-1.300356376271681602e-01
1.630145416388716351e-01
1.271494460631441004e-01
-1.381069307984513495e-01
2.935972950399061143e-01
-2.857061125905733801e-01
2.524944866443876168e-01
-3.046414972140334410e-01
-6.966575679994710391e-02
2.602404887316748794e-01
2.994902274236343476e-01
-1.828068925047017790e-01
-1.747431149595680688e-01
-2.404063818607578562e-01
1.517624234483794798e-01
1.526367193197603611e-01
-2.330913001224426129e-01
4.439111067576773095e-04
2.885269486474718037e-01
-6.844081541438915006e-02
2.973369924833840217e-01
2.714984042294832922e-01
1.994252918252630846e-01
2.045133250652049761e-01
2.374577955230726123e-01
-2.552003254965160006e-01
-2.735272135667909943e-02
-2.984046791560260314e-01
-2.234419217927958168e-01
2.647791919343208122e-01
-2.464721574701203566e-01
6.434418776802425244e-02
9.977391952349573545e-02
-1.077504712240993090e-01
-5.833929691574393783e-02
2.865657915761014585e-01
-2.242951060806252506e-01
1.788761583831602886e-01
-1.747869927350062802e-01
-2.874883391566884772e-03
-1.561456792890963119e-01
5.720049899970397478e-02
-1.578116149554171233e-01
-1.797825227691485783e-01
-2.827944690225107638e-01
2.052011986043848490e-01
-2.788894149479295703e-01
2.947423916423723145e-01
2.344215110834517168e-01
-1.046705084952789244e-01
2.734904976624274453e-01
-2.760707647651207686e-01
-5.050000899122064624e-02
1.389013421534754378e-01
-1.959367641338257693e-01
-2.355405308071742976e-01
-2.877594925607174225e-02
-2.248157116634920960e-01
3.518543851735778105e-03
-7.123516661691758900e-02
3.046256645487462333e-01
-2.464908584119579749e-01
-1.795073984548113677e-01
1.245967218065090476e-01
2.064656207611483274e-01
-6.961022875203107252e-02
2.027956119124303958e-01
3.667215823241060102e-02
2.251233545872556863e-01
2.483948716750991603e-01
-1.799020953569265002e-01
-4.635424129686926964e-02
-1.875149035610543802e-01
2.450186076659479073e-01
-1.161542245860417710e-01
-1.175070288413314901e-01
2.570320346123165511e-01
2.680160671726707355e-01
5.262149301738849871e-02
1.567336647349409917e-01
1.827353908261608595e-01
2.672446204624547295e-01
2.504985743900428607e-02
-1.592698703422905093e-01
3.112497267857455840e-02
-9.421725303217728942e-02
7.114863438176044497e-02
-2.031342251804995058e-01
-1.350893526940964984e-01
2.365387397184965379e-01
1.247106842835153384e-01
-1.018874323439337981e-01
-4.309970456090728153e-02
2.605728450880034353e-01
-2.924438104728951937e-01
-2.977460309212949796e-01
2.747603718119981386e-01
1.174357928259872619e-03
-1.908428230721700980e-01
-1.181722888407471805e-01
-1.616810965648219911e-01
2.647398634741348622e-01
9.559336411376062603e-02
8.353536073253459149e-02
2.202632298249362353e-01
1.166603184872144761e-01
-1.947912340918228069e-01
-1.217280971540450896e-01
-2.534055709093141484e-01
2.939671204174439390e-01
-2.195415541288278094e-01
-4.505925127070975478e-02
2.031448307180195312e-01
-1.369739849530317022e-01
-8.825566695813283347e-02
2.056641384365803238e-01
-1.115272503469427190e-01
-4.310026177947462456e-02
2.656488037934195412e-01
1.462418657590385807e-01
-3.012643372332738378e-01
-7.375737301417947811e-02
2.372858670898337352e-01
-1.113949625181215874e-01
-1.513564810124519155e-01
-1.589507416762782066e-01
2.580081313386767827e-01
-2.789963615438699751e-01
-3.049471288572074279e-01
2.689494159745027813e-01
-5.330515605550989466e-02
2.788358933953667962e-01
-8.858199100581892749e-02
2.481009495827172784e-01
2.179138676314286704e-01
-2.025319534796962140e-01
1.989336477969597117e-01
9.896404260556579402e-02
6.576758942102023386e-02
-1.108607512076597856e-01
2.315121319983501347e-01
2.353335070140445962e-01
-2.553565222056078943e-01
-1.291840063536131566e-02
2.423112255211142263e-01
-1.870501221181313234e-01
-2.207650347945352975e-01
-1.625242743906409326e-01
9.881716713863075707e-02
6.166971364910917019e-02
8.979817566122594297e-02
-2.320045075557595760e-01
-2.894803488447220685e-01
2.946357706907049567e-01
1.583343262137019702e-01
-4.240195500543236795e-02
6.976408122011412694e-02
1.830068776666169961e-01
2.490314971709932101e-01
3.201941073418806960e-02
-9.729079599040854620e-02
-2.773399309931492973e-01
-6.998463627280415711e-02
1.457514585727990863e-01
2.768179603032374092e-01
-8.362501677840986081e-02
-2.191753240444799244e-02
-1.438081230448585990e-01
-1.370508867284947752e-01
-2.676782406998491348e-01
2.677517069105341263e-01
-3.435611399662141796e-03
1.399048021101373940e-01
-2.272981369177961564e-01
1.033465209521837735e-01
-2.318272020540521061e-01
9.915050771958011655e-02
-2.623258592640699272e-01
1.546892867525868631e-01
1.685385113875506047e-01
-1.954130379941865225e-02
6.903180912716300188e-03
-8.898145828181627803e-02
-2.540038024799844418e-01
1.138060794273793030e-01
-1.262143345455311594e-01
-2.464897966538726892e-01
-6.538066046743368220e-02
-1.109332476830770797e-01
7.877148956067803187e-02
2.343373323894409332e-01
8.309966079674918626e-02
-1.595010678351949929e-01
-3.033934104847801905e-01
7.457201942807017980e-02
3.902071059552608689e-02
1.372082440620414068e-01
2.694052011000291902e-02
-2.983005963040087916e-01
-6.872324199622478758e-02
-2.575894198576607064e-01
9.223780383356250390e-02
-8.304087198915277579e-02
2.422242290698381484e-01
2.950659999042836712e-01
2.456913523148890888e-01
1.300357689482906642e-01
-2.911733107432735168e-01
-2.095131339867827014e-01
-2.125861924022929006e-01
-2.718729607657682235e-01
-4.056939913143786658e-02
1.919795671636135292e-01
2.996694538869795754e-01
-1.608945922103547921e-01
8.932376011005255245e-02
-4.996285732328714646e-02
-6.291646283113866422e-02
1.711494553668407304e-01
1.734575405123972569e-01
-2.929903749754038111e-01
1.546551246882856834e-01
3.079444750462856373e-02
-3.428311237459957805e-03
-2.054571646054931811e-01
-8.595002943136653695e-02
-3.986559230553771149e-02
1.723021683238694646e-01
-1.674080462591376883e-01
1.879860533374923537e-01
2.938481196367899728e-01
1.514984492037917962e-01
1.158857084352030720e-01
1.777200064474293018e-01
-1.339906470169038577e-01
-1.080288184952492847e-01
5.130752756121242930e-02
-2.118356609235816368e-01
-1.548361855048394353e-01
-2.680657878626857560e-01
2.661323375021893978e-01
4.917365234106779726e-02
-2.790504096568220960e-01
9.750792411867204024e-02
-1.360211931286350873e-01
3.008313022894993360e-01
-9.782296105746399184e-02
1.273495890597697855e-01
-2.503154074294182685e-01
-3.619104274403328603e-02
1.502850193756782304e-01
-6.707443300649207352e-02
-2.341400987626324204e-01
4.355422220628735186e-03
2.505501529685619233e-01
-2.505586970435226823e-01
3.040745599434303004e-01
1.429126758297805111e-01
2.694691028227038099e-01
-2.983600004682852025e-01
1.032436684894286749e-01
1.604704846821484732e-01
1.544631764137118224e-01
-1.670382547867349521e-02
2.891560064147886133e-01
1.174905094949660334e-01
1.663002012740957825e-01
-1.347467623860332253e-01
-2.191613962660333703e-01
-1.435700921107972983e-01
2.716085978032297121e-01
-9.763937791693377832e-03
1.456182930572901824e-01
-7.911271713177830955e-02
1.305281422897528465e-01
8.354048377918293911e-02
-2.082035369686698056e-01
-2.946224218450878007e-01
-1.517094022726685199e-01
2.996599359620166769e-02
1.925847602303493722e-01
6.039438265173663334e-02
1.868555996067917113e-01
-1.033374181273344350e-02
-1.670296909231012983e-01
-8.669852155545518246e-02
1.030178297263482645e-01
1.796584776331425770e-01
-1.355773406621573196e-01
2.825486364673251427e-01
1.551312580783593131e-01
2.054308744288884658e-01
2.650246192989824112e-01
2.141880063104887877e-01
-1.944889231081037284e-01
2.875244185874740732e-01
9.155611786160322563e-02
3.019371352659176444e-01
9.975420702177656418e-02
-2.237835070749477628e-02
2.482793623683143269e-01
2.552561254892060094e-01
2.331869942259923723e-01
-2.783387197392120371e-01
-1.852868535128954219e-02
1.038194713841167349e-02
-8.245447181061388298e-02
2.737898659980289584e-01
2.104182340736902579e-01
3.762722130318707503e-02
-1.676611897977751675e-01
8.892358458991994619e-02
1.811467596829945959e-01
-1.334965913311371433e-01
-1.296508550637459622e-02
-1.084428109686202957e-02
1.319300856164639102e-01
6.460823213902788797e-02
-3.320893113486605985e-02
2.897072205041371640e-01
7.827306051843335721e-02
8.681389749474299755e-03
-1.036645036589032565e-01
-2.243333684940112260e-01
2.914858587461334749e-01
5.606596186674384086e-02
1.360769050967151617e-01
1.867566045807243502e-01
-2.678410096995705314e-01
-1.316817037551577807e-01
-2.454542711373459973e-01
-2.917882161999149626e-01
7.194172490235828388e-02
-5.354826065448625716e-03
3.449890947090306081e-02
2.918001253106496384e-01
-2.902184144133249655e-01
1.675107423389607386e-01
2.125723874041871020e-01
-8.747495717217271261e-02
-2.347108224225485928e-02
1.538458830631920238e-01
-2.129695613805876186e-01
-1.384875989560728493e-01
1.534467704316191394e-01
1.032440642719685830e-01
1.312398319925178747e-02
2.396437900521116160e-01
-3.559121067481907374e-02
8.052963467772883410e-02
9.617537146830823502e-02
1.764616655298714698e-01
-2.705388658769415922e-01
-2.990298637304784068e-01
-2.013029127958135545e-01
3.015796410931297911e-01
-2.808747403492134476e-01
2.550759606121055234e-01
1.049089933977505051e-01
7.679701826285262323e-02
-2.012309586912576775e-01
-2.818796742822502477e-01
-1.049726945626773544e-01
1.160391942407898447e-01
1.618180755474025179e-01
-2.055226739221821530e-01
-1.204208500590608355e-01
-2.174768628869948595e-01
-2.956060981598547799e-01
-2.115196781219788047e-01
-2.161118290835312150e-01
-1.013947099112533223e-02
2.698637351486567471e-01
-1.518833915439079807e-01
-2.553851993793410102e-01
-2.137254657986270845e-01
1.687331464113356883e-01
2.622611144933730265e-01
1.980687367251967035e-01
-1.419669333124867761e-02
-1.816411085178516460e-01
-1.102409855076288414e-01
-7.583617082474433668e-02
6.703335609382421456e-02
7.045460343239651202e-02
-2.734807031739733274e-01
1.699492942556868336e-01
-2.058647366250112021e-01
2.634133049202011523e-01
2.764631908961359685e-01
-3.024845529051567450e-02
1.658722277028458203e-01
-6.325689900913586405e-02
-2.162158831963295336e-01
-2.179155633599710040e-01
-2.683696117407575743e-01
1.105880403722095950e-01
-9.500233653005926704e-02
8.487884382528038119e-02
1.113832566912624777e-01
1.232924683400898891e-01
-2.163508928371397355e-01
3.005371306229215334e-02
-1.212799805235696138e-01
2.364442260695986398e-01
1.720319107834986649e-01
-1.402913923319473455e-01
8.826767849656913523e-03
-1.547548083627207360e-01
-4.857804696597367577e-02
-6.246244430067451892e-02
1.755780280722912257e-01
1.146604146984001593e-01
1.284073576167031883e-01
-5.160927945873916567e-02
1.059136063066761224e-01
-2.329395365517440142e-01
-1.877778552569979442e-01
2.880802807786097541e-01
5.866734499013737114e-02
-2.779838231598874554e-01
1.491268341535645359e-02
-1.047971891866576466e-01
-1.716558703975763767e-01
-3.556184847328874854e-02
2.717147838456985265e-01
-2.643816359666429916e-01
3.632069794354109149e-02
-9.348123718188999787e-02
8.496440934010435209e-02
-7.120783883508693957e-02
1.602358813155104200e-01
7.432051449864812698e-02
2.273040945177662864e-01
-2.211862948255025607e-01
1.625504825258368147e-01
-8.433291404004925051e-02
-1.590263670785545258e-01
9.025183220165744480e-02
-1.873642068714867770e-01
2.317764240822735577e-01
1.823439458621650688e-02
1.804457140927701597e-01
-2.059947051048069411e-01
9.055386844583557249e-02
2.274617808358606053e-01
-1.239100702085099703e-01
-1.333054827791344821e-01
-5.181854217495118764e-02
-2.620116518934314520e-01
-2.552275665835164187e-01
2.658402919080303239e-01
-1.185717286619075161e-01
1.538709227708083271e-01
-1.847242263069302504e-01
-2.739055029630995675e-01
-8.522897197825146653e-02
-2.874750580993651328e-02
-2.973712243479397777e-01
-7.884410517419843112e-02
-1.044680762784316597e-01
2.560250130577068628e-02
2.663436688681045106e-01
2.356245981791526556e-01
2.580531537859703239e-01
-2.277804946660472174e-02
-2.482903233193648473e-01
2.625452369255815710e-01
-1.611140364373147005e-01
2.874078088773867612e-01
3.375132794032031924e-02
2.226856968030636597e-01
1.702903264242178194e-02
-1.020734703117706643e-01
-1.350099187161728775e-01
1.493628117714989600e-01
-1.843877382326661596e-01
1.410665517173609329e-01
2.919265926385265497e-01
2.344202735452151631e-01
-2.222440525256724198e-01
1.748633827768143467e-01
1.630723219515080591e-01
1.933447548313368958e-01
-5.288636622384051966e-02
2.944000006784574519e-01
-2.928209738448226407e-01
-1.202235970829331757e-01
-1.233735560208457649e-01
-1.714785152025097570e-01
-5.509726671707998458e-02
-3.042699785275366775e-01
-2.111624849966364792e-01
1.287681203719301393e-01
-1.968162320354195083e-01
2.406089932083166905e-01
3.004782923784526383e-01
-8.278282947455017915e-02
-2.839047610929624765e-01
-2.382663866322889401e-01
-2.053868020938084404e-01
-4.973059719353201125e-02
1.146725079240936140e-01
-2.819194625410025856e-01
-4.306059388654420728e-02
2.231100409683301478e-01
-2.117441799981934214e-01
2.115877627004529304e-01
-1.338305013868184845e-01
2.341715908595782270e-01
-2.525097128119948020e-01
-2.480825853139271842e-01
1.367991667491831875e-01
-1.539235559411877285e-01
2.613135714889481265e-01
7.658118751629028331e-02
3.056986818241616555e-01
1.416575511347173966e-01
2.666174139732029880e-01
1.066246065194729753e-01
-2.360531059511910557e-01
-4.940155658353090340e-02
2.790136852345390106e-01
2.303946034749935756e-01
-2.160430921406419902e-01
-2.604225716646607625e-01
2.420925189536582978e-01
2.135716700680295177e-01
2.077955253279456516e-02
9.903797272462289136e-02
-6.792222731107561140e-02
-1.074282777057223304e-01
9.928655814539516511e-02
-3.031587739570780760e-01
1.455783946987421196e-01
-1.940838328927623480e-01
-1.701161043320696953e-01
-2.061069947866241980e-01
1.924311949338090577e-01
2.431731136675128746e-01
3.023885491516561941e-01
-7.068344449992824963e-03
2.702465747253943174e-01
-2.496048009835190595e-01
7.561222328967515116e-02
2.202823305013831834e-01
9.368286967428435252e-02
9.722112831643930919e-02
-1.422398263891681836e-01
-8.257679543701373914e-02
-2.640616138623750886e-01
-9.429803067337216849e-02
-1.570844281309186630e-01
-2.768922422527355653e-01
1.751156935407086057e-01
-3.010997185950281541e-01
-2.731543576648929883e-01
-6.741520170158221692e-02
1.981145900281500172e-02
-2.416850825059057573e-01
1.352167065336083995e-01
-6.403928892694216168e-02
-2.432005943667990000e-01
2.070269020312499042e-01
-6.948048871627565681e-02
2.291557291057309542e-01
1.041163509037598134e-01
4.817026826705889109e-02
2.601797309664565794e-01
2.262217437659670982e-01
-1.723198373425950114e-01
2.917478426486708187e-03
3.363225107107703504e-02
2.303349279797586857e-01
1.257024600381050905e-01
2.353957312511159583e-01
-2.265865092866126140e-02
7.451916935134211828e-02
1.456521424373496409e-01
1.571930469462389235e-01
-9.979795922244444339e-02
-2.743063298096830582e-01
-1.826043702010671232e-04
9.519949355664969470e-03
2.670610902895260153e-01
-8.541026117857877797e-02
2.859193528682322794e-01
-1.745640925799423482e-01
-2.745621487272552619e-01
-1.668247319295005915e-01
2.190732136189463275e-01
-2.400288468691215149e-01
-9.564908587292222930e-02
-3.004524923718906448e-01
2.994157943363843777e-01
1.887027273799991023e-01
9.922801190449931363e-02
-6.804630419106666439e-02
2.545333869692282813e-01
2.253703946890586729e-01
1.763925774222132037e-01
-2.213226755302126758e-01
-1.873873023962945306e-01
-7.939800971320051803e-02
1.426699051564098708e-01
1.538186202461366836e-01
2.300307013387664634e-02
2.193719083280969984e-01
-1.115125960224769286e-01
-1.084117871390703480e-01
1.398445170073782107e-01
-2.136548509592378076e-01
1.999931616212387575e-01
-1.042212717202750660e-01
8.205933868898201977e-02
-4.732726249993401968e-02
2.020654148422174612e-01
1.283488975192988990e-01
1.015693424164308412e-01
-2.428718693036105436e-01
1.266091837232885542e-01
1.683165158059933275e-01
1.450361179925351851e-01
-1.841522545974446923e-01
-1.996896942173634337e-01
1.641777480231478847e-01
-1.653199324470655540e-02
1.600476198830669272e-02
-1.856396896621160808e-01
7.035087575159276740e-02
-1.252596344778217352e-01
-2.950293067608827924e-02
-1.890537202574195663e-01
2.473128559897273537e-01
1.022214324440579025e-02
-2.418994572002879373e-01
1.253774762099080231e-01
-1.823289924205995227e-02
1.710812062606694717e-01
-2.160236488885002859e-01
-8.316032836041056808e-02
1.060956102015492286e-02
-1.000427438908813582e-01
2.239655764706529051e-01
9.327328560218356435e-02
-1.918715229410793421e-01
-3.056275140169972260e-01
-1.350615479885691750e-02
2.338101716204196712e-01
-2.819862640419821265e-01
-1.624478477026499723e-01
6.939406319073959661e-02
3.641533228757143359e-02
-4.147018070606511841e-02
1.245404214835270640e-01
-2.764060341484156913e-01
-2.508492675152864670e-01
-9.362335647232278291e-02
-9.241888322229893649e-02
-3.009132243156481534e-01
-2.123729604916585190e-01
1.361225413431890185e-01
-2.571310740942163164e-01
2.471840599946489303e-01
1.501453034340546333e-01
2.176547413622643146e-01
1.679044477177524808e-01
8.297281029710362743e-02
1.391174489970309347e-02
-3.050836593930001950e-01
-1.888516110950931026e-01
-1.485213112451463091e-01
-2.944215919332914266e-01
-1.924282488443460615e-01
-2.061711919301079110e-01
-1.165579034105719836e-01
5.911986290325493831e-02
5.935196182051033498e-02
-5.864463477132716984e-02
-2.715184549343849785e-01
1.419501171496795333e-02
3.753529828288409975e-02
-3.214165961706177965e-02
2.653233430558563088e-01
-7.516111665728184010e-02
6.237410328425896378e-03
2.265557963183974510e-01
1.834343699830524033e-01
2.183932540435185032e-02
-2.146567380665227454e-01
2.377655204567075686e-01
9.867501551672636095e-02
-1.141576618474009486e-01
-2.752785001108228879e-01
3.607687517497848440e-03
-2.630422870715961592e-01
-6.419104632960420664e-02
-1.968398215116368699e-01
-2.915185979753055490e-01
7.106437211845223478e-02
2.989294182981660497e-01
2.529586937204839070e-01
2.353438071871513659e-01
2.277887982900024810e-01
2.518853670874285355e-01
-2.996083733587499576e-01
-4.858350820294160544e-02
2.819241869141361767e-01
-8.297205146438382806e-02
9.807515422645257663e-02
6.056895484784891037e-02
2.166190257125921170e-01
3.018014392731467876e-01
-1.196050580647091965e-01
-2.896897800638130183e-01
-2.431083136438437209e-01
8.371617510312484578e-02
-9.210141788468087509e-02
2.881769146143630667e-01
-2.428144471509909308e-01
1.753608633243061710e-01
-3.012378771662712618e-01
-1.703863123044136452e-01
-1.533182280377582696e-01
2.208387570628311258e-01
-2.016933480980794835e-01
-8.434757416126908991e-02
-1.246848492236602435e-01
1.098162629605368146e-01
8.626818091942983768e-02
1.366598642669266117e-01
-2.955806298445090019e-01
-2.849768754124250569e-01
2.435386149109302623e-01
-6.763178255166193975e-02
-3.325730404027321674e-02
-2.122037606795246223e-02
1.320819875880675509e-01
-2.565883748643003615e-01
1.275035318727241185e-01
-1.687285209488751103e-01
-2.780638909928280222e-01
-4.562284587628900878e-02
1.201966445508954040e-01
1.973321072781203944e-01
-7.824250958978701265e-02
2.655122078701304678e-01
9.314062179157744925e-02
-6.850958830991532578e-02
-2.126552015209430824e-01
8.369220097824853211e-02
-1.894986607635142373e-01
1.215601393041070843e-01
2.023685157635934928e-02
-7.310167066237882594e-03
1.375912390036146959e-01
-3.046271810475982278e-01
2.519434615082305484e-02
-3.021584707833607220e-01
-5.488280671456091664e-02
2.385261157631177187e-01
-1.636310290471497397e-01
-2.045834117558650300e-01
9.364902787210116486e-02
6.770796433943804260e-02
-1.369958831718013914e-01
-2.346303411659907412e-01
-9.284114346852995192e-02
-2.757510351857926922e-01
7.563833355467952657e-02
1.496064144266117668e-01
0.000000000000000000e+00
0.000000000000000000e+00
0.000000000000000000e+00
0.000000000000000000e+00
0.000000000000000000e+00
0.000000000000000000e+00
0.000000000000000000e+00
0.000000000000000000e+00
0.000000000000000000e+00
0.000000000000000000e+00
0.000000000000000000e+00
0.000000000000000000e+00
0.000000000000000000e+00
0.000000000000000000e+00
0.000000000000000000e+00
0.000000000000000000e+00
0.000000000000000000e+00
0.000000000000000000e+00
0.000000000000000000e+00
0.000000000000000000e+00
0.000000000000000000e+00
0.000000000000000000e+00
0.000000000000000000e+00
0.000000000000000000e+00
0.000000000000000000e+00
0.000000000000000000e+00
0.000000000000000000e+00
0.000000000000000000e+00
0.000000000000000000e+00
0.000000000000000000e+00
0.000000000000000000e+00
0.000000000000000000e+00
-2.958503876482905248e-01
-2.713106350197647121e-01
-2.399302291582299518e-01
2.082259982889465566e-01
6.111164087406173451e-02
3.635176029938845255e-01
2.954879932832076839e-01
-2.371548152546854582e-01
1.395178536302137950e-01
2.177442708108752734e-01
-2.710992227507967867e-01
1.303266419501969975e-01
-3.843158126811701547e-01
2.259314265523448273e-01
-1.835118915606043788e-01
1.882885160179327833e-01
8.056884248451745556e-02
2.449747286916856281e-01
3.909395267493016024e-01
-2.256619514892671263e-01
-2.548697516482116843e-01
-2.080585699508752384e-02
3.378060339560562952e-01
2.933709378475488072e-01
-2.777755435335430012e-01
-4.861941180761192305e-02
3.143222989587480254e-01
2.450497684366449991e-01
-3.352455136299508642e-01
-2.503975458470214521e-01
3.679415730903886073e-01
-1.911942214329931389e-02
-3.385589781990867020e-01
-1.385957189130908040e-01
-1.898291659760296679e-01
2.915372792618292075e-01
3.064191576840647468e-01
-1.741371239414298000e-01
-2.656869476091691107e-01
1.756749136500325714e-01
2.579414144835678324e-01
-3.143525279299177466e-01
-1.805098780921290114e-01
-2.763722475984173865e-01
3.521772050008298849e-01
-1.093894527035856878e-01
2.566474769905744968e-01
2.926270341591608037e-02
2.409080598918966198e-01
-1.874437684828983430e-02
2.286597924928468473e-03
2.620279160060347556e-01
1.224218806458057807e-01
-2.869527242727806793e-01
-9.286665797370552422e-02
1.471804280859631553e-01
-5.611491371809596007e-02
3.422121458827543372e-01
2.506229077181963416e-01
1.236353826253943633e-01
3.281169568264745151e-01
2.929837785291630747e-01
-2.690717066826610049e-01
2.456634673722082884e-01
-2.253811935792377208e-01
-3.874567687652206160e-01
-3.263799103870366758e-01
3.300137494659867721e-01
6.676036377263006028e-02
1.593361353354191823e-01
-4.569442973895559978e-02
1.244627136308816273e-01
3.673869682162854144e-01
-7.805391356381974344e-03
-2.303278332285970120e-01
-2.618199980150916484e-01
-2.371598599721549960e-01
-2.396169637062761371e-01
2.507845304403522602e-01
-2.443247815189727723e-01
-2.769108173671464002e-01
-1.514024028832441915e-01
2.976401236518891325e-01
2.589798181386621656e-01
-2.603663847177570823e-01
-1.497016163734051775e-01
2.923386613370573817e-01
3.754599115683665000e-01
-1.997390227311284516e-01
3.970740907182546686e-01
3.676787071024228415e-01
-2.816289931785143086e-02
7.053925653318526834e-02
3.272048158338502488e-01
-1.176517704160971456e-01
6.062034154945095121e-02
1.231699043878798361e-01
3.635940776292433951e-01
2.627510687714099125e-01
1.969450231040607568e-01
-3.823358284250562011e-01
2.679239690469074620e-01
-1.145694210860569440e-01
3.011032469232354791e-01
3.974780249654868980e-02
7.417784946626171383e-02
3.107111725086782461e-01
-6.744481791205791943e-02
-8.743932971250040209e-02
3.871490040985475223e-01
7.339812137657864000e-02
-6.946700010367334865e-02
-2.876431561976025009e-01
2.011562360721602105e-01
1.253220625506847319e-01
1.729554338233907362e-03
-2.181711088531777809e-01
1.522898158111647970e-01
-3.078205578453516167e-01
-2.047926848715163339e-01
2.566082035930785099e-01
1.638367028848352613e-01
2.980948531557114367e-01
2.144501709709269455e-01
-1.990841327619511381e-01
2.849183938832544061e-01
2.626530344737040834e-01
-1.285754950183589096e-01
-1.038623285528667006e-01
-1.338885390498568695e-01
-1.405446855578670884e-01
2.652869457272232778e-01
8.177657523532683159e-02
9.324422143442373523e-02
2.591389076171812245e-01
5.305762797719371093e-02
1.366077039879876609e-01
-2.026906506018641696e-01
3.243136370817689684e-03
-2.453703274740359208e-01
-2.152813862754973662e-01
2.496119694455761207e-01
-8.285661979944303202e-02
-3.560666948312247726e-01
-3.727803366357529402e-01
9.029730037333244530e-02
-2.461311425447502421e-01
1.333760213214592594e-01
-1.375037835569460909e-01
-6.265519345721698441e-02
-6.781927078321836611e-02
-3.538484889716690951e-01
-1.082571306212546935e-01
2.235304621232197531e-01
-3.376904514489144638e-01
2.913596484299236233e-01
-1.652556015866689931e-01
1.056186838495722369e-01
1.762425115093146921e-02
7.569688454108086662e-02
3.882299683838126847e-01
-9.005365097334477875e-02
2.132237880494342042e-02
-9.386323908138594074e-03
1.447408515799860074e-01
-5.834911503900641616e-02
1.519568613420981262e-01
2.073114875180624428e-01
-8.730018721276944227e-02
3.601116659087252869e-01
-2.846078009378832374e-01
1.124058452142389641e-01
2.747058363017986227e-01
4.289979149496597755e-02
-3.878062740819870902e-02
1.127410722861373338e-01
-1.396136195443358763e-01
2.603573609148202572e-01
-1.783843407903445422e-01
2.274254736403232280e-01
8.680780092952483651e-02
3.115492662153760972e-01
1.476972390642627975e-02
2.406514092136561866e-01
-2.806895421031193605e-01
3.663749009441699678e-01
2.942922971624353790e-01
-6.699735832161490823e-02
-1.140900046356430608e-01
-1.245308107534621178e-01
2.457845374195347099e-01
-1.797796636795839786e-01
0.000000000000000000e+00
0.000000000000000000e+00
0.000000000000000000e+00
0.000000000000000000e+00
0.000000000000000000e+00
0.000000000000000000e+00
